



   ---------------------------------------------------------------------------
     START OF THE SEQUENTIAL LEAST SQUARES PROGRAMMING ALGORIT  
   ---------------------------------------------------------------------------

     PARAMETERS:
        ACC =   0.1000D-01
        MAXITER =500
        IPRINT =   1
IOUT =   6


     ITER =    1     OBJ =  0.87754154E+00
     ITER =    2     OBJ =  0.88171157E+00
     ITER =    3     OBJ =  0.84499727E+00
     ITER =    4     OBJ =  0.98543452E+00
     ITER =    5     OBJ =  0.98750518E+00
     ITER =    6     OBJ =  0.10711295E+01
     ITER =    7     OBJ =  0.14324694E+01
     ITER =    8     OBJ =  0.14637537E+01
     ITER =    9     OBJ =  0.14591930E+01
     ITER =   10     OBJ =  0.14687965E+01
     ITER =   11     OBJ =  0.14786458E+01
     ITER =   12     OBJ =  0.15420344E+01
     ITER =   13     OBJ =  0.15357564E+01
        NUMBER OF FUNC-CALLS:  NFUNC =  41
        NUMBER OF GRAD-CALLS:  NGRAD =  14
