



   ---------------------------------------------------------------------------
     START OF THE SEQUENTIAL LEAST SQUARES PROGRAMMING ALGORIT  
   ---------------------------------------------------------------------------

     PARAMETERS:
        ACC =   0.1000D-02
        MAXITER =500
        IPRINT =   1
IOUT =   6


     ITER =    1     OBJ =  0.48146114E+00
     ITER =    2     OBJ =  0.44944331E+00
     ITER =    3     OBJ =  0.45973425E+00
     ITER =    4     OBJ =  0.48745971E+00
     ITER =    5     OBJ =  0.47189080E+00
     ITER =    6     OBJ =  0.46771284E+00
     ITER =    7     OBJ =  0.43865083E+00
     ITER =    8     OBJ =  0.44183379E+00
     ITER =    9     OBJ =  0.45138999E+00
     ITER =   10     OBJ =  0.47064175E+00
        NUMBER OF FUNC-CALLS:  NFUNC =  14
        NUMBER OF GRAD-CALLS:  NGRAD =  11
