



   ---------------------------------------------------------------------------
     START OF THE SEQUENTIAL LEAST SQUARES PROGRAMMING ALGORIT  
   ---------------------------------------------------------------------------

     PARAMETERS:
        ACC =   0.1000D-02
        MAXITER =500
        IPRINT =   1
IOUT =   6


     ITER =    1     OBJ =  0.73011771E+00
     ITER =    2     OBJ =  0.71323592E+00
     ITER =    3     OBJ =  0.71463265E+00
     ITER =    4     OBJ =  0.70611862E+00
     ITER =    5     OBJ =  0.76401278E+00
     ITER =    6     OBJ =  0.77550939E+00
     ITER =    7     OBJ =  0.76796333E+00
     ITER =    8     OBJ =  0.76564220E+00
     ITER =    9     OBJ =  0.76038656E+00
     ITER =   10     OBJ =  0.76250393E+00
     ITER =   11     OBJ =  0.76580946E+00
     ITER =   12     OBJ =  0.76523602E+00
     ITER =   13     OBJ =  0.76446422E+00
        NUMBER OF FUNC-CALLS:  NFUNC =  37
        NUMBER OF GRAD-CALLS:  NGRAD =  14
