



   ---------------------------------------------------------------------------
     START OF THE SEQUENTIAL LEAST SQUARES PROGRAMMING ALGORIT  
   ---------------------------------------------------------------------------

     PARAMETERS:
        ACC =   0.1000D-02
        MAXITER =500
        IPRINT =   1
IOUT =   6


     ITER =    1     OBJ =  0.20052408E+00
     ITER =    2     OBJ =  0.22039226E+00
     ITER =    3     OBJ =  0.20538806E+00
     ITER =    4     OBJ =  0.20766274E+00
     ITER =    5     OBJ =  0.21146596E+00
     ITER =    6     OBJ =  0.21871146E+00
     ITER =    7     OBJ =  0.21114708E+00
     ITER =    8     OBJ =  0.21024371E+00
     ITER =    9     OBJ =  0.20895846E+00
     ITER =   10     OBJ =  0.20883448E+00
     ITER =   11     OBJ =  0.20871218E+00
     ITER =   12     OBJ =  0.20872314E+00
        NUMBER OF FUNC-CALLS:  NFUNC =  24
        NUMBER OF GRAD-CALLS:  NGRAD =  13
