



   ---------------------------------------------------------------------------
     START OF THE SEQUENTIAL LEAST SQUARES PROGRAMMING ALGORIT  
   ---------------------------------------------------------------------------

     PARAMETERS:
        ACC =   0.1000D-01
        MAXITER =500
        IPRINT =   1
IOUT =   6


     ITER =    1     OBJ =  0.14430226E+01
     ITER =    2     OBJ =  0.16261589E+01
     ITER =    3     OBJ =  0.18811901E+01
     ITER =    4     OBJ =  0.18001788E+01
     ITER =    5     OBJ =  0.17844640E+01
     ITER =    6     OBJ =  0.18784076E+01
     ITER =    7     OBJ =  0.19455823E+01
     ITER =    8     OBJ =  0.20273417E+01
     ITER =    9     OBJ =  0.20641597E+01
     ITER =   10     OBJ =  0.20695105E+01
     ITER =   11     OBJ =  0.25407188E+01
     ITER =   12     OBJ =  0.25894787E+01
     ITER =   13     OBJ =  0.26891131E+01
     ITER =   14     OBJ =  0.26703269E+01
        NUMBER OF FUNC-CALLS:  NFUNC =  34
        NUMBER OF GRAD-CALLS:  NGRAD =  15
