



   ---------------------------------------------------------------------------
     START OF THE SEQUENTIAL LEAST SQUARES PROGRAMMING ALGORIT  
   ---------------------------------------------------------------------------

     PARAMETERS:
        ACC =   0.1000D-01
        MAXITER =500
        IPRINT =   1
IOUT =   6


     ITER =    1     OBJ =  0.72294292E+00
     ITER =    2     OBJ =  0.78480827E+00
     ITER =    3     OBJ =  0.79126477E+00
     ITER =    4     OBJ =  0.95243228E+00
     ITER =    5     OBJ =  0.98795151E+00
     ITER =    6     OBJ =  0.11407908E+01
     ITER =    7     OBJ =  0.11117778E+01
     ITER =    8     OBJ =  0.11089891E+01
     ITER =    9     OBJ =  0.11111594E+01
     ITER =   10     OBJ =  0.11111508E+01
     ITER =   11     OBJ =  0.11221463E+01
        NUMBER OF FUNC-CALLS:  NFUNC =  41
        NUMBER OF GRAD-CALLS:  NGRAD =  12
