



   ---------------------------------------------------------------------------
     START OF THE SEQUENTIAL LEAST SQUARES PROGRAMMING ALGORIT  
   ---------------------------------------------------------------------------

     PARAMETERS:
        ACC =   0.1000D-02
        MAXITER =500
        IPRINT =   1
IOUT =   6


     ITER =    1     OBJ =  0.29669246E+00
     ITER =    2     OBJ =  0.30448064E+00
     ITER =    3     OBJ =  0.25592807E+00
     ITER =    4     OBJ =  0.25995497E+00
     ITER =    5     OBJ =  0.27045931E+00
     ITER =    6     OBJ =  0.32651952E+00
     ITER =    7     OBJ =  0.33492396E+00
     ITER =    8     OBJ =  0.34905153E+00
     ITER =    9     OBJ =  0.37690309E+00
     ITER =   10     OBJ =  0.39704136E+00
     ITER =   11     OBJ =  0.41781802E+00
     ITER =   12     OBJ =  0.42105282E+00
     ITER =   13     OBJ =  0.45626162E+00
     ITER =   14     OBJ =  0.48855346E+00
     ITER =   15     OBJ =  0.49861070E+00
     ITER =   16     OBJ =  0.53322526E+00
