



   ---------------------------------------------------------------------------
     START OF THE SEQUENTIAL LEAST SQUARES PROGRAMMING ALGORIT  
   ---------------------------------------------------------------------------

     PARAMETERS:
        ACC =   0.1000D-01
        MAXITER =500
        IPRINT =   1
IOUT =   6


     ITER =    1     OBJ =  0.45543778E+00
     ITER =    2     OBJ =  0.52141230E+00
     ITER =    3     OBJ =  0.50996344E+00
     ITER =    4     OBJ =  0.52282864E+00
     ITER =    5     OBJ =  0.54242128E+00
     ITER =    6     OBJ =  0.58015007E+00
     ITER =    7     OBJ =  0.59198080E+00
     ITER =    8     OBJ =  0.59617648E+00
     ITER =    9     OBJ =  0.62561303E+00
     ITER =   10     OBJ =  0.64446588E+00
     ITER =   11     OBJ =  0.65116975E+00
        NUMBER OF FUNC-CALLS:  NFUNC =  31
        NUMBER OF GRAD-CALLS:  NGRAD =  12
