



   ---------------------------------------------------------------------------
     START OF THE SEQUENTIAL LEAST SQUARES PROGRAMMING ALGORIT  
   ---------------------------------------------------------------------------

     PARAMETERS:
        ACC =   0.1000D-01
        MAXITER =500
        IPRINT =   1
IOUT =   6


     ITER =    1     OBJ =  0.16327974E+01
     ITER =    2     OBJ =  0.14349060E+01
     ITER =    3     OBJ =  0.13924283E+01
     ITER =    4     OBJ =  0.14721124E+01
     ITER =    5     OBJ =  0.15379553E+01
     ITER =    6     OBJ =  0.16312925E+01
     ITER =    7     OBJ =  0.17810150E+01
     ITER =    8     OBJ =  0.17890251E+01
     ITER =    9     OBJ =  0.18277581E+01
     ITER =   10     OBJ =  0.22327935E+01
     ITER =   11     OBJ =  0.23155294E+01
     ITER =   12     OBJ =  0.22983704E+01
        NUMBER OF FUNC-CALLS:  NFUNC =  30
        NUMBER OF GRAD-CALLS:  NGRAD =  13
