



   ---------------------------------------------------------------------------
     START OF THE SEQUENTIAL LEAST SQUARES PROGRAMMING ALGORIT  
   ---------------------------------------------------------------------------

     PARAMETERS:
        ACC =   0.1000D-01
        MAXITER =500
        IPRINT =   1
IOUT =   6


     ITER =    1     OBJ =  0.13136324E+01
     ITER =    2     OBJ =  0.12452156E+01
     ITER =    3     OBJ =  0.12986478E+01
     ITER =    4     OBJ =  0.13287095E+01
     ITER =    5     OBJ =  0.16047459E+01
     ITER =    6     OBJ =  0.22834872E+01
     ITER =    7     OBJ =  0.22660439E+01
     ITER =    8     OBJ =  0.24899247E+01
     ITER =    9     OBJ =  0.25685519E+01
     ITER =   10     OBJ =  0.25022634E+01
     ITER =   11     OBJ =  0.24636530E+01
     ITER =   12     OBJ =  0.24583134E+01
     ITER =   13     OBJ =  0.24823066E+01
     ITER =   14     OBJ =  0.24806286E+01
     ITER =   15     OBJ =  0.24804276E+01
     ITER =   16     OBJ =  0.24785080E+01
        NUMBER OF FUNC-CALLS:  NFUNC =  26
        NUMBER OF GRAD-CALLS:  NGRAD =  17
