



   ---------------------------------------------------------------------------
     START OF THE SEQUENTIAL LEAST SQUARES PROGRAMMING ALGORIT  
   ---------------------------------------------------------------------------

     PARAMETERS:
        ACC =   0.1000D-02
        MAXITER =500
        IPRINT =   1
IOUT =   6


     ITER =    1     OBJ =  0.76987651E+00
     ITER =    2     OBJ =  0.72328579E+00
     ITER =    3     OBJ =  0.71097067E+00
     ITER =    4     OBJ =  0.80832608E+00
     ITER =    5     OBJ =  0.85306528E+00
     ITER =    6     OBJ =  0.85761132E+00
     ITER =    7     OBJ =  0.85782121E+00
     ITER =    8     OBJ =  0.85846959E+00
     ITER =    9     OBJ =  0.86007651E+00
     ITER =   10     OBJ =  0.84893691E+00
     ITER =   11     OBJ =  0.85027325E+00
     ITER =   12     OBJ =  0.85439997E+00
     ITER =   13     OBJ =  0.85394083E+00
        NUMBER OF FUNC-CALLS:  NFUNC =  49
        NUMBER OF GRAD-CALLS:  NGRAD =  14
