



   ---------------------------------------------------------------------------
     START OF THE SEQUENTIAL LEAST SQUARES PROGRAMMING ALGORIT  
   ---------------------------------------------------------------------------

     PARAMETERS:
        ACC =   0.1000D-02
        MAXITER =500
        IPRINT =   1
IOUT =   6


     ITER =    1     OBJ =  0.50071130E+00
     ITER =    2     OBJ =  0.49513673E+00
     ITER =    3     OBJ =  0.56717178E+00
     ITER =    4     OBJ =  0.54579088E+00
     ITER =    5     OBJ =  0.55077293E+00
     ITER =    6     OBJ =  0.55166879E+00
     ITER =    7     OBJ =  0.56856413E+00
     ITER =    8     OBJ =  0.56699426E+00
     ITER =    9     OBJ =  0.56440151E+00
     ITER =   10     OBJ =  0.56445597E+00
     ITER =   11     OBJ =  0.56579531E+00
     ITER =   12     OBJ =  0.56579780E+00
     ITER =   13     OBJ =  0.56522325E+00
     ITER =   14     OBJ =  0.56476096E+00
     ITER =   15     OBJ =  0.56296385E+00
        NUMBER OF FUNC-CALLS:  NFUNC =  49
        NUMBER OF GRAD-CALLS:  NGRAD =  16
