



   ---------------------------------------------------------------------------
     START OF THE SEQUENTIAL LEAST SQUARES PROGRAMMING ALGORIT  
   ---------------------------------------------------------------------------

     PARAMETERS:
        ACC =   0.1000D-02
        MAXITER =500
        IPRINT =   1
IOUT =   6


     ITER =    1     OBJ =  0.25864667E+00
     ITER =    2     OBJ =  0.25064549E+00
     ITER =    3     OBJ =  0.23829347E+00
     ITER =    4     OBJ =  0.26359401E+00
     ITER =    5     OBJ =  0.28767925E+00
     ITER =    6     OBJ =  0.28858775E+00
     ITER =    7     OBJ =  0.30458592E+00
     ITER =    8     OBJ =  0.30887699E+00
     ITER =    9     OBJ =  0.30603788E+00
     ITER =   10     OBJ =  0.30517030E+00
     ITER =   11     OBJ =  0.30503301E+00
        NUMBER OF FUNC-CALLS:  NFUNC =  23
        NUMBER OF GRAD-CALLS:  NGRAD =  12
