



   ---------------------------------------------------------------------------
     START OF THE SEQUENTIAL LEAST SQUARES PROGRAMMING ALGORIT  
   ---------------------------------------------------------------------------

     PARAMETERS:
        ACC =   0.1000D-02
        MAXITER =500
        IPRINT =   1
IOUT =   6


     ITER =    1     OBJ =  0.47002753E+00
     ITER =    2     OBJ =  0.48337120E+00
     ITER =    3     OBJ =  0.50077803E+00
     ITER =    4     OBJ =  0.50223556E+00
     ITER =    5     OBJ =  0.49437171E+00
     ITER =    6     OBJ =  0.49541497E+00
     ITER =    7     OBJ =  0.49591629E+00
     ITER =    8     OBJ =  0.49484544E+00
     ITER =    9     OBJ =  0.49055845E+00
     ITER =   10     OBJ =  0.49160594E+00
     ITER =   11     OBJ =  0.49285421E+00
     ITER =   12     OBJ =  0.49250198E+00
     ITER =   13     OBJ =  0.49137399E+00
     ITER =   14     OBJ =  0.49224306E+00
        NUMBER OF FUNC-CALLS:  NFUNC =  29
        NUMBER OF GRAD-CALLS:  NGRAD =  15
