



   ---------------------------------------------------------------------------
     START OF THE SEQUENTIAL LEAST SQUARES PROGRAMMING ALGORIT  
   ---------------------------------------------------------------------------

     PARAMETERS:
        ACC =   0.1000D-01
        MAXITER =500
        IPRINT =   1
IOUT =   6


     ITER =    1     OBJ =  0.58977631E+00
     ITER =    2     OBJ =  0.59102602E+00
     ITER =    3     OBJ =  0.64095459E+00
     ITER =    4     OBJ =  0.72894714E+00
     ITER =    5     OBJ =  0.76274849E+00
     ITER =    6     OBJ =  0.76932381E+00
     ITER =    7     OBJ =  0.96717582E+00
     ITER =    8     OBJ =  0.97921882E+00
     ITER =    9     OBJ =  0.98260708E+00
     ITER =   10     OBJ =  0.98458195E+00
        NUMBER OF FUNC-CALLS:  NFUNC =  36
        NUMBER OF GRAD-CALLS:  NGRAD =  11
