



   ---------------------------------------------------------------------------
     START OF THE SEQUENTIAL LEAST SQUARES PROGRAMMING ALGORIT  
   ---------------------------------------------------------------------------

     PARAMETERS:
        ACC =   0.1000D-02
        MAXITER =500
        IPRINT =   1
IOUT =   6


     ITER =    1     OBJ =  0.10072220E+01
     ITER =    2     OBJ =  0.91939023E+00
     ITER =    3     OBJ =  0.95113070E+00
     ITER =    4     OBJ =  0.10829859E+01
     ITER =    5     OBJ =  0.12771211E+01
     ITER =    6     OBJ =  0.14755547E+01
     ITER =    7     OBJ =  0.12236084E+01
     ITER =    8     OBJ =  0.13886080E+01
     ITER =    9     OBJ =  0.12948892E+01
     ITER =   10     OBJ =  0.14028373E+01
     ITER =   11     OBJ =  0.14051797E+01
     ITER =   12     OBJ =  0.14064349E+01
     ITER =   13     OBJ =  0.14461668E+01
     ITER =   14     OBJ =  0.14389157E+01
        NUMBER OF FUNC-CALLS:  NFUNC =  30
        NUMBER OF GRAD-CALLS:  NGRAD =  15
