



   ---------------------------------------------------------------------------
     START OF THE SEQUENTIAL LEAST SQUARES PROGRAMMING ALGORIT  
   ---------------------------------------------------------------------------

     PARAMETERS:
        ACC =   0.1000D-02
        MAXITER =500
        IPRINT =   1
IOUT =   6


     ITER =    1     OBJ =  0.15151829E+00
     ITER =    2     OBJ =  0.12303897E+00
     ITER =    3     OBJ =  0.10818908E+00
     ITER =    4     OBJ =  0.10549797E+00
     ITER =    5     OBJ =  0.10361884E+00
     ITER =    6     OBJ =  0.10206450E+00
     ITER =    7     OBJ =  0.99180901E-01
     ITER =    8     OBJ =  0.99386408E-01
     ITER =    9     OBJ =  0.98909165E-01
     ITER =   10     OBJ =  0.97513285E-01
     ITER =   11     OBJ =  0.96547771E-01
        NUMBER OF FUNC-CALLS:  NFUNC =  23
        NUMBER OF GRAD-CALLS:  NGRAD =  12
