



   ---------------------------------------------------------------------------
     START OF THE SEQUENTIAL LEAST SQUARES PROGRAMMING ALGORIT  
   ---------------------------------------------------------------------------

     PARAMETERS:
        ACC =   0.1000D-02
        MAXITER =500
        IPRINT =   1
IOUT =   6


     ITER =    1     OBJ =  0.49330901E+00
     ITER =    2     OBJ =  0.48642933E+00
     ITER =    3     OBJ =  0.57558613E+00
     ITER =    4     OBJ =  0.57871062E+00
     ITER =    5     OBJ =  0.58105360E+00
     ITER =    6     OBJ =  0.68330688E+00
     ITER =    7     OBJ =  0.69722478E+00
     ITER =    8     OBJ =  0.66037655E+00
     ITER =    9     OBJ =  0.67733042E+00
     ITER =   10     OBJ =  0.67606866E+00
     ITER =   11     OBJ =  0.68005180E+00
     ITER =   12     OBJ =  0.67040314E+00
     ITER =   13     OBJ =  0.67069995E+00
     ITER =   14     OBJ =  0.67078531E+00
     ITER =   15     OBJ =  0.67044969E+00
        NUMBER OF FUNC-CALLS:  NFUNC =  54
        NUMBER OF GRAD-CALLS:  NGRAD =  16
