



   ---------------------------------------------------------------------------
     START OF THE SEQUENTIAL LEAST SQUARES PROGRAMMING ALGORIT  
   ---------------------------------------------------------------------------

     PARAMETERS:
        ACC =   0.1000D-01
        MAXITER =500
        IPRINT =   1
IOUT =   6


     ITER =    1     OBJ =  0.41395455E+00
     ITER =    2     OBJ =  0.45606315E+00
     ITER =    3     OBJ =  0.47438365E+00
     ITER =    4     OBJ =  0.52475455E+00
     ITER =    5     OBJ =  0.52444758E+00
     ITER =    6     OBJ =  0.55679201E+00
     ITER =    7     OBJ =  0.57757847E+00
     ITER =    8     OBJ =  0.61798311E+00
     ITER =    9     OBJ =  0.62070884E+00
     ITER =   10     OBJ =  0.62073407E+00
     ITER =   11     OBJ =  0.62257019E+00
     ITER =   12     OBJ =  0.68361461E+00
        NUMBER OF FUNC-CALLS:  NFUNC =  37
        NUMBER OF GRAD-CALLS:  NGRAD =  13
