



   ---------------------------------------------------------------------------
     START OF THE SEQUENTIAL LEAST SQUARES PROGRAMMING ALGORIT  
   ---------------------------------------------------------------------------

     PARAMETERS:
        ACC =   0.1000D-02
        MAXITER =500
        IPRINT =   1
IOUT =   6


     ITER =    1     OBJ =  0.74828659E+00
     ITER =    2     OBJ =  0.75746568E+00
     ITER =    3     OBJ =  0.82936258E+00
     ITER =    4     OBJ =  0.91598645E+00
     ITER =    5     OBJ =  0.92467612E+00
     ITER =    6     OBJ =  0.11287740E+01
     ITER =    7     OBJ =  0.14132819E+01
     ITER =    8     OBJ =  0.13958397E+01
     ITER =    9     OBJ =  0.14462527E+01
     ITER =   10     OBJ =  0.15367490E+01
     ITER =   11     OBJ =  0.17795860E+01
     ITER =   12     OBJ =  0.17613397E+01
     ITER =   13     OBJ =  0.17261904E+01
     ITER =   14     OBJ =  0.17152163E+01
     ITER =   15     OBJ =  0.17196340E+01
