



   ---------------------------------------------------------------------------
     START OF THE SEQUENTIAL LEAST SQUARES PROGRAMMING ALGORIT  
   ---------------------------------------------------------------------------

     PARAMETERS:
        ACC =   0.1000D-02
        MAXITER =500
        IPRINT =   1
IOUT =   6


     ITER =    1     OBJ =  0.13775506E+01
     ITER =    2     OBJ =  0.13201403E+01
     ITER =    3     OBJ =  0.12562793E+01
     ITER =    4     OBJ =  0.13715002E+01
     ITER =    5     OBJ =  0.13396126E+01
     ITER =    6     OBJ =  0.17104599E+01
     ITER =    7     OBJ =  0.16887277E+01
     ITER =    8     OBJ =  0.18418787E+01
     ITER =    9     OBJ =  0.18750963E+01
     ITER =   10     OBJ =  0.18307308E+01
