



   ---------------------------------------------------------------------------
     START OF THE SEQUENTIAL LEAST SQUARES PROGRAMMING ALGORIT  
   ---------------------------------------------------------------------------

     PARAMETERS:
        ACC =   0.1000D-02
        MAXITER =500
        IPRINT =   1
IOUT =   6


     ITER =    1     OBJ =  0.65674830E+00
     ITER =    2     OBJ =  0.67468458E+00
     ITER =    3     OBJ =  0.67421769E+00
     ITER =    4     OBJ =  0.76939919E+00
     ITER =    5     OBJ =  0.90937253E+00
     ITER =    6     OBJ =  0.94381091E+00
     ITER =    7     OBJ =  0.94876184E+00
     ITER =    8     OBJ =  0.93942207E+00
     ITER =    9     OBJ =  0.93641448E+00
     ITER =   10     OBJ =  0.93670083E+00
     ITER =   11     OBJ =  0.94416879E+00
     ITER =   12     OBJ =  0.94203329E+00
     ITER =   13     OBJ =  0.94172899E+00
     ITER =   14     OBJ =  0.94395815E+00
        NUMBER OF FUNC-CALLS:  NFUNC =  42
        NUMBER OF GRAD-CALLS:  NGRAD =  15
