



   ---------------------------------------------------------------------------
     START OF THE SEQUENTIAL LEAST SQUARES PROGRAMMING ALGORIT  
   ---------------------------------------------------------------------------

     PARAMETERS:
        ACC =   0.1000D-04
        MAXITER =500
        IPRINT =   1
IOUT =   6


     ITER =    1     OBJ =  0.43482247E+00
     ITER =    2     OBJ =  0.42937159E+00
     ITER =    3     OBJ =  0.44230895E+00
     ITER =    4     OBJ =  0.53146962E+00
     ITER =    6     OBJ =  0.52036806E+00
     ITER =    7     OBJ =  0.52144968E+00
     ITER =    8     OBJ =  0.44040701E+00
     ITER =    9     OBJ =  0.44168743E+00
     ITER =   10     OBJ =  0.44464719E+00
     ITER =   11     OBJ =  0.47563766E+00
     ITER =   12     OBJ =  0.49341998E+00
     ITER =   13     OBJ =  0.45983033E+00
     ITER =   14     OBJ =  0.46060695E+00
