



   ---------------------------------------------------------------------------
     START OF THE SEQUENTIAL LEAST SQUARES PROGRAMMING ALGORIT  
   ---------------------------------------------------------------------------

     PARAMETERS:
        ACC =   0.1000D-02
        MAXITER =500
        IPRINT =   1
IOUT =   6


     ITER =    1     OBJ =  0.35660957E+00
     ITER =    2     OBJ =  0.20942015E+00
     ITER =    3     OBJ =  0.21667163E+00
     ITER =    4     OBJ =  0.21831826E+00
     ITER =    5     OBJ =  0.40285968E+00
     ITER =    6     OBJ =  0.44400188E+00
     ITER =    7     OBJ =  0.49975639E+00
     ITER =    8     OBJ =  0.53524837E+00
     ITER =    9     OBJ =  0.53770857E+00
     ITER =   10     OBJ =  0.53228531E+00
