



   ---------------------------------------------------------------------------
     START OF THE SEQUENTIAL LEAST SQUARES PROGRAMMING ALGORIT  
   ---------------------------------------------------------------------------

     PARAMETERS:
        ACC =   0.1000D-02
        MAXITER =500
        IPRINT =   1
IOUT =   6


     ITER =    1     OBJ =  0.24148303E+00
     ITER =    2     OBJ =  0.23501567E+00
     ITER =    3     OBJ =  0.23551856E+00
     ITER =    4     OBJ =  0.23737443E+00
     ITER =    5     OBJ =  0.30162727E+00
     ITER =    6     OBJ =  0.29893677E+00
     ITER =    7     OBJ =  0.29264640E+00
     ITER =    8     OBJ =  0.29668931E+00
     ITER =    9     OBJ =  0.29537979E+00
     ITER =   10     OBJ =  0.29191333E+00
     ITER =   11     OBJ =  0.28651871E+00
     ITER =   12     OBJ =  0.28396559E+00
     ITER =   13     OBJ =  0.28380176E+00
     ITER =   14     OBJ =  0.28178775E+00
        NUMBER OF FUNC-CALLS:  NFUNC =  19
        NUMBER OF GRAD-CALLS:  NGRAD =  15
