



   ---------------------------------------------------------------------------
     START OF THE SEQUENTIAL LEAST SQUARES PROGRAMMING ALGORIT  
   ---------------------------------------------------------------------------

     PARAMETERS:
        ACC =   0.1000D-02
        MAXITER =500
        IPRINT =   1
IOUT =   6


     ITER =    1     OBJ =  0.29730147E+00
     ITER =    2     OBJ =  0.23373029E+00
     ITER =    3     OBJ =  0.23551136E+00
     ITER =    4     OBJ =  0.26883985E+00
     ITER =    5     OBJ =  0.25936944E+00
     ITER =    6     OBJ =  0.26182561E+00
     ITER =    7     OBJ =  0.26070851E+00
     ITER =    8     OBJ =  0.26108043E+00
     ITER =    9     OBJ =  0.28068755E+00
     ITER =   10     OBJ =  0.28255903E+00
     ITER =   11     OBJ =  0.27859406E+00
     ITER =   12     OBJ =  0.27921378E+00
        NUMBER OF FUNC-CALLS:  NFUNC =  28
        NUMBER OF GRAD-CALLS:  NGRAD =  13
