



   ---------------------------------------------------------------------------
     START OF THE SEQUENTIAL LEAST SQUARES PROGRAMMING ALGORIT  
   ---------------------------------------------------------------------------

     PARAMETERS:
        ACC =   0.1000D-01
        MAXITER =500
        IPRINT =   1
IOUT =   6


     ITER =    1     OBJ =  0.45350456E+00
     ITER =    2     OBJ =  0.46177338E+00
     ITER =    3     OBJ =  0.47144652E+00
     ITER =    4     OBJ =  0.47742853E+00
     ITER =    5     OBJ =  0.51063453E+00
     ITER =    6     OBJ =  0.56159635E+00
     ITER =    7     OBJ =  0.63644761E+00
     ITER =    8     OBJ =  0.64228376E+00
     ITER =    9     OBJ =  0.64570521E+00
     ITER =   10     OBJ =  0.63248902E+00
     ITER =   11     OBJ =  0.62247352E+00
        NUMBER OF FUNC-CALLS:  NFUNC =  27
        NUMBER OF GRAD-CALLS:  NGRAD =  12
