



   ---------------------------------------------------------------------------
     START OF THE SEQUENTIAL LEAST SQUARES PROGRAMMING ALGORIT  
   ---------------------------------------------------------------------------

     PARAMETERS:
        ACC =   0.1000D-02
        MAXITER =500
        IPRINT =   1
IOUT =   6


     ITER =    1     OBJ =  0.39948762E+00
     ITER =    2     OBJ =  0.37226986E+00
     ITER =    3     OBJ =  0.38291994E+00
     ITER =    4     OBJ =  0.38593526E+00
     ITER =    5     OBJ =  0.40931268E+00
     ITER =    6     OBJ =  0.41619419E+00
     ITER =    7     OBJ =  0.41654558E+00
     ITER =    8     OBJ =  0.41430834E+00
     ITER =    9     OBJ =  0.41373044E+00
     ITER =   10     OBJ =  0.41537459E+00
     ITER =   11     OBJ =  0.41449134E+00
     ITER =   12     OBJ =  0.41445728E+00
        NUMBER OF FUNC-CALLS:  NFUNC =  38
        NUMBER OF GRAD-CALLS:  NGRAD =  13
