



   ---------------------------------------------------------------------------
     START OF THE SEQUENTIAL LEAST SQUARES PROGRAMMING ALGORIT  
   ---------------------------------------------------------------------------

     PARAMETERS:
        ACC =   0.1000D-02
        MAXITER =500
        IPRINT =   1
IOUT =   6


     ITER =    1     OBJ =  0.34403655E+00
     ITER =    2     OBJ =  0.34661401E+00
     ITER =    3     OBJ =  0.38844837E+00
     ITER =    4     OBJ =  0.41790994E+00
     ITER =    5     OBJ =  0.40048587E+00
     ITER =    6     OBJ =  0.39475748E+00
     ITER =    7     OBJ =  0.39263558E+00
     ITER =    8     OBJ =  0.38879223E+00
     ITER =    9     OBJ =  0.38874292E+00
     ITER =   10     OBJ =  0.38799283E+00
     ITER =   11     OBJ =  0.38844986E+00
     ITER =   12     OBJ =  0.38844145E+00
     ITER =   13     OBJ =  0.38831323E+00
     ITER =   14     OBJ =  0.38756768E+00
     ITER =   15     OBJ =  0.38738300E+00
        NUMBER OF FUNC-CALLS:  NFUNC =  47
        NUMBER OF GRAD-CALLS:  NGRAD =  16
