



   ---------------------------------------------------------------------------
     START OF THE SEQUENTIAL LEAST SQUARES PROGRAMMING ALGORIT  
   ---------------------------------------------------------------------------

     PARAMETERS:
        ACC =   0.1000D-02
        MAXITER =500
        IPRINT =   1
IOUT =   6


     ITER =    1     OBJ =  0.37306641E+00
     ITER =    2     OBJ =  0.35517119E+00
     ITER =    3     OBJ =  0.37915728E+00
     ITER =    4     OBJ =  0.37807957E+00
     ITER =    5     OBJ =  0.37909348E+00
     ITER =    6     OBJ =  0.37781453E+00
     ITER =    7     OBJ =  0.37798146E+00
     ITER =    8     OBJ =  0.37860830E+00
     ITER =    9     OBJ =  0.37450421E+00
     ITER =   10     OBJ =  0.37373163E+00
     ITER =   11     OBJ =  0.37406944E+00
     ITER =   12     OBJ =  0.37401941E+00
     ITER =   13     OBJ =  0.37395866E+00
     ITER =   14     OBJ =  0.37398007E+00
        NUMBER OF FUNC-CALLS:  NFUNC =  31
        NUMBER OF GRAD-CALLS:  NGRAD =  15
