



   ---------------------------------------------------------------------------
     START OF THE SEQUENTIAL LEAST SQUARES PROGRAMMING ALGORIT  
   ---------------------------------------------------------------------------

     PARAMETERS:
        ACC =   0.1000D-01
        MAXITER =500
        IPRINT =   1
IOUT =   6


     ITER =    1     OBJ =  0.92366979E+00
     ITER =    2     OBJ =  0.91119272E+00
     ITER =    3     OBJ =  0.85834046E+00
     ITER =    4     OBJ =  0.96616654E+00
     ITER =    5     OBJ =  0.97462765E+00
     ITER =    6     OBJ =  0.16966344E+01
     ITER =    7     OBJ =  0.16537281E+01
     ITER =    8     OBJ =  0.17307628E+01
     ITER =    9     OBJ =  0.17433153E+01
     ITER =   10     OBJ =  0.17584739E+01
     ITER =   11     OBJ =  0.18319033E+01
