



   ---------------------------------------------------------------------------
     START OF THE SEQUENTIAL LEAST SQUARES PROGRAMMING ALGORIT  
   ---------------------------------------------------------------------------

     PARAMETERS:
        ACC =   0.1000D-02
        MAXITER =500
        IPRINT =   1
IOUT =   6


     ITER =    1     OBJ =  0.20788268E+01
     ITER =    2     OBJ =  0.19769448E+01
     ITER =    3     OBJ =  0.18562971E+01
     ITER =    4     OBJ =  0.18624184E+01
     ITER =    5     OBJ =  0.18509476E+01
     ITER =    6     OBJ =  0.19825590E+01
     ITER =    7     OBJ =  0.19865249E+01
     ITER =    8     OBJ =  0.19901286E+01
     ITER =    9     OBJ =  0.19957456E+01
     ITER =   10     OBJ =  0.19983164E+01
     ITER =   11     OBJ =  0.20027577E+01
     ITER =   12     OBJ =  0.19956095E+01
     ITER =   13     OBJ =  0.19975722E+01
     ITER =   14     OBJ =  0.19959826E+01
     ITER =   15     OBJ =  0.19976885E+01
     ITER =   16     OBJ =  0.20004541E+01
        NUMBER OF FUNC-CALLS:  NFUNC =  65
        NUMBER OF GRAD-CALLS:  NGRAD =  17
