



   ---------------------------------------------------------------------------
     START OF THE SEQUENTIAL LEAST SQUARES PROGRAMMING ALGORIT  
   ---------------------------------------------------------------------------

     PARAMETERS:
        ACC =   0.1000D-02
        MAXITER =500
        IPRINT =   1
IOUT =   6


     ITER =    1     OBJ =  0.54544533E+00
     ITER =    2     OBJ =  0.55931805E+00
     ITER =    3     OBJ =  0.55694261E+00
     ITER =    4     OBJ =  0.55627302E+00
     ITER =    5     OBJ =  0.56797200E+00
     ITER =    6     OBJ =  0.61232258E+00
     ITER =    7     OBJ =  0.61478309E+00
     ITER =    8     OBJ =  0.62977479E+00
     ITER =    9     OBJ =  0.63290799E+00
     ITER =   10     OBJ =  0.64562984E+00
