



   ---------------------------------------------------------------------------
     START OF THE SEQUENTIAL LEAST SQUARES PROGRAMMING ALGORIT  
   ---------------------------------------------------------------------------

     PARAMETERS:
        ACC =   0.1000D-01
        MAXITER =500
        IPRINT =   1
IOUT =   6


     ITER =    1     OBJ =  0.45350456E+00
     ITER =    2     OBJ =  0.45941335E+00
     ITER =    3     OBJ =  0.47503205E+00
     ITER =    4     OBJ =  0.48084622E+00
     ITER =    5     OBJ =  0.53208861E+00
     ITER =    6     OBJ =  0.57745026E+00
     ITER =    7     OBJ =  0.59398602E+00
     ITER =    8     OBJ =  0.60788934E+00
     ITER =    9     OBJ =  0.64117011E+00
     ITER =   10     OBJ =  0.63410039E+00
     ITER =   11     OBJ =  0.62133909E+00
     ITER =   12     OBJ =  0.62239669E+00
     ITER =   13     OBJ =  0.62210997E+00
        NUMBER OF FUNC-CALLS:  NFUNC =  32
        NUMBER OF GRAD-CALLS:  NGRAD =  14
