



   ---------------------------------------------------------------------------
     START OF THE SEQUENTIAL LEAST SQUARES PROGRAMMING ALGORIT  
   ---------------------------------------------------------------------------

     PARAMETERS:
        ACC =   0.1000D-01
        MAXITER =500
        IPRINT =   1
IOUT =   6


     ITER =    1     OBJ =  0.17687318E+00
     ITER =    2     OBJ =  0.18978515E+00
     ITER =    3     OBJ =  0.19023418E+00
     ITER =    4     OBJ =  0.20432905E+00
     ITER =    5     OBJ =  0.20686450E+00
     ITER =    6     OBJ =  0.20507732E+00
     ITER =    7     OBJ =  0.20065292E+00
     ITER =    8     OBJ =  0.19598011E+00
     ITER =    9     OBJ =  0.19637534E+00
     ITER =   10     OBJ =  0.19650415E+00
     ITER =   11     OBJ =  0.19645976E+00
     ITER =   12     OBJ =  0.19620056E+00
     ITER =   13     OBJ =  0.19577588E+00
     ITER =   14     OBJ =  0.19600400E+00
     ITER =   15     OBJ =  0.19557760E+00
     ITER =   16     OBJ =  0.19492838E+00
        NUMBER OF FUNC-CALLS:  NFUNC =  38
        NUMBER OF GRAD-CALLS:  NGRAD =  17
