



   ---------------------------------------------------------------------------
     START OF THE SEQUENTIAL LEAST SQUARES PROGRAMMING ALGORIT  
   ---------------------------------------------------------------------------

     PARAMETERS:
        ACC =   0.1000D-01
        MAXITER =500
        IPRINT =   1
IOUT =   6


     ITER =    1     OBJ =  0.57515008E+00
     ITER =    2     OBJ =  0.68059605E+00
     ITER =    3     OBJ =  0.81460645E+00
     ITER =    4     OBJ =  0.79513314E+00
     ITER =    5     OBJ =  0.84069267E+00
     ITER =    6     OBJ =  0.98575668E+00
     ITER =    7     OBJ =  0.93990320E+00
     ITER =    8     OBJ =  0.96164398E+00
     ITER =    9     OBJ =  0.98341928E+00
     ITER =   10     OBJ =  0.98203629E+00
     ITER =   11     OBJ =  0.98573294E+00
     ITER =   12     OBJ =  0.10189290E+01
     ITER =   13     OBJ =  0.10146507E+01
     ITER =   14     OBJ =  0.10115399E+01
        NUMBER OF FUNC-CALLS:  NFUNC =  32
        NUMBER OF GRAD-CALLS:  NGRAD =  15
