



   ---------------------------------------------------------------------------
     START OF THE SEQUENTIAL LEAST SQUARES PROGRAMMING ALGORIT  
   ---------------------------------------------------------------------------

     PARAMETERS:
        ACC =   0.1000D-01
        MAXITER =500
        IPRINT =   1
IOUT =   6


     ITER =    1     OBJ =  0.50518052E+00
     ITER =    2     OBJ =  0.49876689E+00
     ITER =    3     OBJ =  0.57152273E+00
     ITER =    4     OBJ =  0.57672232E+00
     ITER =    5     OBJ =  0.71058289E+00
     ITER =    6     OBJ =  0.68050577E+00
     ITER =    7     OBJ =  0.72055736E+00
     ITER =    8     OBJ =  0.72394767E+00
     ITER =    9     OBJ =  0.68100726E+00
     ITER =   10     OBJ =  0.66609200E+00
     ITER =   11     OBJ =  0.63248872E+00
     ITER =   12     OBJ =  0.63501093E+00
     ITER =   13     OBJ =  0.62976188E+00
     ITER =   14     OBJ =  0.62853713E+00
     ITER =   15     OBJ =  0.62777688E+00
     ITER =   16     OBJ =  0.62441420E+00
        NUMBER OF FUNC-CALLS:  NFUNC =  32
        NUMBER OF GRAD-CALLS:  NGRAD =  17
