



   ---------------------------------------------------------------------------
     START OF THE SEQUENTIAL LEAST SQUARES PROGRAMMING ALGORIT  
   ---------------------------------------------------------------------------

     PARAMETERS:
        ACC =   0.1000D-01
        MAXITER =500
        IPRINT =   1
IOUT =   6


     ITER =    1     OBJ =  0.61160428E+00
     ITER =    2     OBJ =  0.68175631E+00
     ITER =    3     OBJ =  0.73768126E+00
     ITER =    4     OBJ =  0.75429485E+00
     ITER =    5     OBJ =  0.82775757E+00
     ITER =    6     OBJ =  0.89087022E+00
     ITER =    7     OBJ =  0.92799621E+00
     ITER =    8     OBJ =  0.10189602E+01
     ITER =    9     OBJ =  0.11027996E+01
     ITER =   10     OBJ =  0.11146300E+01
     ITER =   11     OBJ =  0.11162559E+01
     ITER =   12     OBJ =  0.11139229E+01
     ITER =   13     OBJ =  0.11113151E+01
        NUMBER OF FUNC-CALLS:  NFUNC =  22
        NUMBER OF GRAD-CALLS:  NGRAD =  14
