



   ---------------------------------------------------------------------------
     START OF THE SEQUENTIAL LEAST SQUARES PROGRAMMING ALGORIT  
   ---------------------------------------------------------------------------

     PARAMETERS:
        ACC =   0.1000D-01
        MAXITER =500
        IPRINT =   1
IOUT =   6


     ITER =    1     OBJ =  0.58618585E+00
     ITER =    2     OBJ =  0.50893599E+00
     ITER =    3     OBJ =  0.47671704E+00
     ITER =    4     OBJ =  0.50348826E+00
     ITER =    5     OBJ =  0.54759861E+00
     ITER =    6     OBJ =  0.53527693E+00
     ITER =    7     OBJ =  0.56632790E+00
     ITER =    8     OBJ =  0.56435908E+00
     ITER =    9     OBJ =  0.55968066E+00
     ITER =   10     OBJ =  0.56199873E+00
     ITER =   11     OBJ =  0.56222389E+00
        NUMBER OF FUNC-CALLS:  NFUNC =  27
        NUMBER OF GRAD-CALLS:  NGRAD =  12
