



   ---------------------------------------------------------------------------
     START OF THE SEQUENTIAL LEAST SQUARES PROGRAMMING ALGORIT  
   ---------------------------------------------------------------------------

     PARAMETERS:
        ACC =   0.1000D-01
        MAXITER =500
        IPRINT =   1
IOUT =   6


     ITER =    1     OBJ =  0.14269493E+01
     ITER =    2     OBJ =  0.15062459E+01
     ITER =    3     OBJ =  0.13449861E+01
     ITER =    4     OBJ =  0.13962413E+01
     ITER =    5     OBJ =  0.16124601E+01
     ITER =    6     OBJ =  0.17174920E+01
     ITER =    7     OBJ =  0.17265417E+01
     ITER =    8     OBJ =  0.18559816E+01
     ITER =    9     OBJ =  0.20176913E+01
     ITER =   10     OBJ =  0.22650446E+01
     ITER =   11     OBJ =  0.22730223E+01
     ITER =   12     OBJ =  0.22644717E+01
     ITER =   13     OBJ =  0.22593163E+01
     ITER =   14     OBJ =  0.22628847E+01
     ITER =   15     OBJ =  0.22632578E+01
        NUMBER OF FUNC-CALLS:  NFUNC =  45
        NUMBER OF GRAD-CALLS:  NGRAD =  16
