



   ---------------------------------------------------------------------------
     START OF THE SEQUENTIAL LEAST SQUARES PROGRAMMING ALGORIT  
   ---------------------------------------------------------------------------

     PARAMETERS:
        ACC =   0.1000D-02
        MAXITER =500
        IPRINT =   1
IOUT =   6


     ITER =    1     OBJ =  0.17604740E+00
     ITER =    2     OBJ =  0.16930906E+00
     ITER =    3     OBJ =  0.16964421E+00
     ITER =    4     OBJ =  0.17651696E+00
     ITER =    5     OBJ =  0.18632952E+00
     ITER =    6     OBJ =  0.18971016E+00
     ITER =    7     OBJ =  0.18727524E+00
     ITER =    8     OBJ =  0.18755708E+00
     ITER =    9     OBJ =  0.18565779E+00
     ITER =   10     OBJ =  0.18624324E+00
        NUMBER OF FUNC-CALLS:  NFUNC =  42
        NUMBER OF GRAD-CALLS:  NGRAD =  11
