



   ---------------------------------------------------------------------------
     START OF THE SEQUENTIAL LEAST SQUARES PROGRAMMING ALGORIT  
   ---------------------------------------------------------------------------

     PARAMETERS:
        ACC =   0.1000D-01
        MAXITER =500
        IPRINT =   1
IOUT =   6


     ITER =    1     OBJ =  0.48976790E+00
     ITER =    2     OBJ =  0.48022727E+00
     ITER =    3     OBJ =  0.47039856E+00
     ITER =    4     OBJ =  0.46888621E+00
     ITER =    5     OBJ =  0.51544746E+00
     ITER =    6     OBJ =  0.54261929E+00
     ITER =    7     OBJ =  0.54363417E+00
     ITER =    8     OBJ =  0.60370277E+00
     ITER =    9     OBJ =  0.61346482E+00
     ITER =   10     OBJ =  0.61123130E+00
     ITER =   11     OBJ =  0.61088690E+00
     ITER =   12     OBJ =  0.61114223E+00
        NUMBER OF FUNC-CALLS:  NFUNC =  24
        NUMBER OF GRAD-CALLS:  NGRAD =  13
