



   ---------------------------------------------------------------------------
     START OF THE SEQUENTIAL LEAST SQUARES PROGRAMMING ALGORIT  
   ---------------------------------------------------------------------------

     PARAMETERS:
        ACC =   0.1000D-01
        MAXITER =500
        IPRINT =   1
IOUT =   6


     ITER =    1     OBJ =  0.17546861E+00
     ITER =    2     OBJ =  0.15130519E+00
     ITER =    3     OBJ =  0.15054010E+00
     ITER =    4     OBJ =  0.15689475E+00
     ITER =    5     OBJ =  0.16288637E+00
     ITER =    6     OBJ =  0.16040676E+00
     ITER =    7     OBJ =  0.16060908E+00
     ITER =    8     OBJ =  0.15975527E+00
     ITER =    9     OBJ =  0.15960415E+00
     ITER =   10     OBJ =  0.15958385E+00
     ITER =   11     OBJ =  0.15942899E+00
     ITER =   12     OBJ =  0.15959916E+00
        NUMBER OF FUNC-CALLS:  NFUNC =  26
        NUMBER OF GRAD-CALLS:  NGRAD =  13
