



   ---------------------------------------------------------------------------
     START OF THE SEQUENTIAL LEAST SQUARES PROGRAMMING ALGORIT  
   ---------------------------------------------------------------------------

     PARAMETERS:
        ACC =   0.1000D-02
        MAXITER =500
        IPRINT =   1
IOUT =   6


     ITER =    1     OBJ =  0.72499056E+00
     ITER =    2     OBJ =  0.83604793E+00
     ITER =    3     OBJ =  0.11598059E+01
     ITER =    4     OBJ =  0.11585344E+01
     ITER =    5     OBJ =  0.12153757E+01
     ITER =    6     OBJ =  0.12314462E+01
     ITER =    7     OBJ =  0.12347090E+01
     ITER =    8     OBJ =  0.12347090E+01
     ITER =    9     OBJ =  0.13526624E+01
     ITER =   10     OBJ =  0.13554888E+01
     ITER =   11     OBJ =  0.13482315E+01
     ITER =   12     OBJ =  0.13428525E+01
     ITER =   13     OBJ =  0.13395099E+01
     ITER =   14     OBJ =  0.13420136E+01
        NUMBER OF FUNC-CALLS:  NFUNC =  40
        NUMBER OF GRAD-CALLS:  NGRAD =  15
