



   ---------------------------------------------------------------------------
     START OF THE SEQUENTIAL LEAST SQUARES PROGRAMMING ALGORIT  
   ---------------------------------------------------------------------------

     PARAMETERS:
        ACC =   0.1000D-01
        MAXITER =500
        IPRINT =   1
IOUT =   6


     ITER =    1     OBJ =  0.11220330E+01
     ITER =    2     OBJ =  0.11520708E+01
     ITER =    3     OBJ =  0.10519840E+01
     ITER =    4     OBJ =  0.10677337E+01
     ITER =    5     OBJ =  0.11569133E+01
     ITER =    6     OBJ =  0.12588953E+01
     ITER =    7     OBJ =  0.12593843E+01
     ITER =    8     OBJ =  0.13528817E+01
     ITER =    9     OBJ =  0.14531300E+01
     ITER =   10     OBJ =  0.17151281E+01
     ITER =   11     OBJ =  0.17734003E+01
     ITER =   12     OBJ =  0.17747440E+01
     ITER =   13     OBJ =  0.17711663E+01
     ITER =   14     OBJ =  0.17689828E+01
     ITER =   15     OBJ =  0.17711613E+01
        NUMBER OF FUNC-CALLS:  NFUNC =  37
        NUMBER OF GRAD-CALLS:  NGRAD =  16
