



   ---------------------------------------------------------------------------
     START OF THE SEQUENTIAL LEAST SQUARES PROGRAMMING ALGORIT  
   ---------------------------------------------------------------------------

     PARAMETERS:
        ACC =   0.1000D-02
        MAXITER =500
        IPRINT =   1
IOUT =   6


     ITER =    1     OBJ =  0.80060552E+00
     ITER =    2     OBJ =  0.86659941E+00
     ITER =    3     OBJ =  0.93777491E+00
     ITER =    4     OBJ =  0.10585951E+01
     ITER =    5     OBJ =  0.10619231E+01
     ITER =    6     OBJ =  0.14401809E+01
     ITER =    7     OBJ =  0.14908285E+01
     ITER =    8     OBJ =  0.15547297E+01
     ITER =    9     OBJ =  0.15456527E+01
     ITER =   10     OBJ =  0.15522081E+01
        NUMBER OF FUNC-CALLS:  NFUNC =  26
        NUMBER OF GRAD-CALLS:  NGRAD =  11
