



   ---------------------------------------------------------------------------
     START OF THE SEQUENTIAL LEAST SQUARES PROGRAMMING ALGORIT  
   ---------------------------------------------------------------------------

     PARAMETERS:
        ACC =   0.1000D-01
        MAXITER =500
        IPRINT =   1
IOUT =   6


     ITER =    1     OBJ =  0.48976790E+00
     ITER =    2     OBJ =  0.47539138E+00
     ITER =    3     OBJ =  0.50579184E+00
     ITER =    4     OBJ =  0.51131591E+00
     ITER =    5     OBJ =  0.53455914E+00
     ITER =    6     OBJ =  0.59759391E+00
     ITER =    7     OBJ =  0.60910490E+00
     ITER =    8     OBJ =  0.61132429E+00
     ITER =    9     OBJ =  0.61177320E+00
     ITER =   10     OBJ =  0.61177322E+00
        NUMBER OF FUNC-CALLS:  NFUNC =  44
        NUMBER OF GRAD-CALLS:  NGRAD =  11
