



   ---------------------------------------------------------------------------
     START OF THE SEQUENTIAL LEAST SQUARES PROGRAMMING ALGORIT  
   ---------------------------------------------------------------------------

     PARAMETERS:
        ACC =   0.1000D-01
        MAXITER =500
        IPRINT =   1
IOUT =   6


     ITER =    1     OBJ =  0.62678370E+00
     ITER =    2     OBJ =  0.71661564E+00
     ITER =    3     OBJ =  0.76448765E+00
     ITER =    4     OBJ =  0.80342331E+00
     ITER =    5     OBJ =  0.81316293E+00
     ITER =    6     OBJ =  0.94679101E+00
     ITER =    7     OBJ =  0.11462817E+01
     ITER =    8     OBJ =  0.11921305E+01
     ITER =    9     OBJ =  0.12090147E+01
     ITER =   10     OBJ =  0.12283312E+01
     ITER =   11     OBJ =  0.12542094E+01
     ITER =   12     OBJ =  0.12649844E+01
