



   ---------------------------------------------------------------------------
     START OF THE SEQUENTIAL LEAST SQUARES PROGRAMMING ALGORIT  
   ---------------------------------------------------------------------------

     PARAMETERS:
        ACC =   0.1000D-01
        MAXITER =500
        IPRINT =   1
IOUT =   6


     ITER =    1     OBJ =  0.29138316E+00
     ITER =    2     OBJ =  0.25833479E+00
     ITER =    3     OBJ =  0.26100456E+00
     ITER =    4     OBJ =  0.26594394E+00
     ITER =    5     OBJ =  0.26661924E+00
     ITER =    6     OBJ =  0.27188767E+00
     ITER =    7     OBJ =  0.27176301E+00
     ITER =    8     OBJ =  0.27203854E+00
     ITER =    9     OBJ =  0.27191538E+00
     ITER =   10     OBJ =  0.27148892E+00
     ITER =   11     OBJ =  0.27187479E+00
        NUMBER OF FUNC-CALLS:  NFUNC =  26
        NUMBER OF GRAD-CALLS:  NGRAD =  12
