



   ---------------------------------------------------------------------------
     START OF THE SEQUENTIAL LEAST SQUARES PROGRAMMING ALGORIT  
   ---------------------------------------------------------------------------

     PARAMETERS:
        ACC =   0.1000D-01
        MAXITER =500
        IPRINT =   1
IOUT =   6


     ITER =    1     OBJ =  0.59746878E+00
     ITER =    2     OBJ =  0.50495693E+00
     ITER =    3     OBJ =  0.48128203E+00
     ITER =    4     OBJ =  0.51290704E+00
     ITER =    5     OBJ =  0.52105926E+00
     ITER =    6     OBJ =  0.57184601E+00
     ITER =    7     OBJ =  0.56951451E+00
     ITER =    8     OBJ =  0.57149646E+00
     ITER =    9     OBJ =  0.56448505E+00
     ITER =   10     OBJ =  0.56738696E+00
     ITER =   11     OBJ =  0.56626676E+00
     ITER =   12     OBJ =  0.56538105E+00
     ITER =   13     OBJ =  0.56615399E+00
     ITER =   14     OBJ =  0.56678269E+00
        NUMBER OF FUNC-CALLS:  NFUNC =  22
        NUMBER OF GRAD-CALLS:  NGRAD =  15
