



   ---------------------------------------------------------------------------
     START OF THE SEQUENTIAL LEAST SQUARES PROGRAMMING ALGORIT  
   ---------------------------------------------------------------------------

     PARAMETERS:
        ACC =   0.1000D-02
        MAXITER =500
        IPRINT =   1
IOUT =   6


     ITER =    1     OBJ =  0.19191428E+00
     ITER =    2     OBJ =  0.20382753E+00
     ITER =    3     OBJ =  0.20528348E+00
     ITER =    4     OBJ =  0.20636983E+00
     ITER =    5     OBJ =  0.20588981E+00
     ITER =    6     OBJ =  0.20597550E+00
     ITER =    7     OBJ =  0.20464129E+00
     ITER =    8     OBJ =  0.20488027E+00
     ITER =    9     OBJ =  0.20488027E+00
     ITER =   10     OBJ =  0.20467793E+00
     ITER =   11     OBJ =  0.20478997E+00
     ITER =   12     OBJ =  0.20478997E+00
        NUMBER OF FUNC-CALLS:  NFUNC =  64
        NUMBER OF GRAD-CALLS:  NGRAD =  13
