



   ---------------------------------------------------------------------------
     START OF THE SEQUENTIAL LEAST SQUARES PROGRAMMING ALGORIT  
   ---------------------------------------------------------------------------

     PARAMETERS:
        ACC =   0.1000D-01
        MAXITER =500
        IPRINT =   1
IOUT =   6


     ITER =    1     OBJ =  0.42413804E+00
     ITER =    2     OBJ =  0.35988437E+00
     ITER =    3     OBJ =  0.35981706E+00
     ITER =    4     OBJ =  0.42132441E+00
     ITER =    5     OBJ =  0.43519365E+00
     ITER =    6     OBJ =  0.42955758E+00
     ITER =    7     OBJ =  0.42965910E+00
     ITER =    8     OBJ =  0.46604383E+00
     ITER =    9     OBJ =  0.45589293E+00
     ITER =   10     OBJ =  0.45431545E+00
     ITER =   11     OBJ =  0.45199987E+00
     ITER =   12     OBJ =  0.44955107E+00
     ITER =   13     OBJ =  0.44960773E+00
     ITER =   14     OBJ =  0.45065612E+00
     ITER =   15     OBJ =  0.45079223E+00
     ITER =   16     OBJ =  0.45018906E+00
        NUMBER OF FUNC-CALLS:  NFUNC =  52
        NUMBER OF GRAD-CALLS:  NGRAD =  17
