



   ---------------------------------------------------------------------------
     START OF THE SEQUENTIAL LEAST SQUARES PROGRAMMING ALGORIT  
   ---------------------------------------------------------------------------

     PARAMETERS:
        ACC =   0.1000D-02
        MAXITER =500
        IPRINT =   1
IOUT =   6


     ITER =    1     OBJ =  0.25632677E+00
     ITER =    2     OBJ =  0.28784716E+00
     ITER =    3     OBJ =  0.28145017E+00
     ITER =    4     OBJ =  0.31529512E+00
     ITER =    5     OBJ =  0.31489787E+00
     ITER =    6     OBJ =  0.27966165E+00
     ITER =    7     OBJ =  0.28231097E+00
     ITER =    8     OBJ =  0.28809072E+00
     ITER =    9     OBJ =  0.28529268E+00
     ITER =   10     OBJ =  0.28068188E+00
     ITER =   11     OBJ =  0.28083548E+00
        NUMBER OF FUNC-CALLS:  NFUNC =  14
        NUMBER OF GRAD-CALLS:  NGRAD =  12
