



   ---------------------------------------------------------------------------
     START OF THE SEQUENTIAL LEAST SQUARES PROGRAMMING ALGORIT  
   ---------------------------------------------------------------------------

     PARAMETERS:
        ACC =   0.1000D-02
        MAXITER =500
        IPRINT =   1
IOUT =   6


     ITER =    1     OBJ =  0.32472422E+00
     ITER =    2     OBJ =  0.24976803E+00
     ITER =    3     OBJ =  0.24134163E+00
     ITER =    4     OBJ =  0.27467016E+00
     ITER =    5     OBJ =  0.27154513E+00
     ITER =    6     OBJ =  0.26964535E+00
     ITER =    7     OBJ =  0.27721578E+00
     ITER =    8     OBJ =  0.27986202E+00
     ITER =    9     OBJ =  0.27865431E+00
     ITER =   10     OBJ =  0.27860994E+00
     ITER =   11     OBJ =  0.27832413E+00
     ITER =   12     OBJ =  0.27841115E+00
     ITER =   13     OBJ =  0.27784485E+00
     ITER =   14     OBJ =  0.27776264E+00
        NUMBER OF FUNC-CALLS:  NFUNC =  29
        NUMBER OF GRAD-CALLS:  NGRAD =  15
