



   ---------------------------------------------------------------------------
     START OF THE SEQUENTIAL LEAST SQUARES PROGRAMMING ALGORIT  
   ---------------------------------------------------------------------------

     PARAMETERS:
        ACC =   0.1000D-01
        MAXITER =500
        IPRINT =   1
IOUT =   6


     ITER =    1     OBJ =  0.43712662E+00
     ITER =    2     OBJ =  0.49154732E+00
     ITER =    3     OBJ =  0.51604409E+00
     ITER =    4     OBJ =  0.51947035E+00
     ITER =    5     OBJ =  0.53072987E+00
     ITER =    6     OBJ =  0.55812207E+00
     ITER =    7     OBJ =  0.57918213E+00
     ITER =    8     OBJ =  0.57953054E+00
     ITER =    9     OBJ =  0.59484319E+00
     ITER =   10     OBJ =  0.61098604E+00
        NUMBER OF FUNC-CALLS:  NFUNC =  27
        NUMBER OF GRAD-CALLS:  NGRAD =  11
