



   ---------------------------------------------------------------------------
     START OF THE SEQUENTIAL LEAST SQUARES PROGRAMMING ALGORIT  
   ---------------------------------------------------------------------------

     PARAMETERS:
        ACC =   0.1000D-02
        MAXITER =500
        IPRINT =   1
IOUT =   6


     ITER =    1     OBJ =  0.67652139E+00
     ITER =    2     OBJ =  0.66803038E+00
     ITER =    3     OBJ =  0.68390290E+00
     ITER =    4     OBJ =  0.79513939E+00
     ITER =    5     OBJ =  0.83187130E+00
     ITER =    6     OBJ =  0.83290235E+00
     ITER =    7     OBJ =  0.10639008E+01
     ITER =    8     OBJ =  0.10635595E+01
     ITER =    9     OBJ =  0.11548258E+01
     ITER =   10     OBJ =  0.11676141E+01
     ITER =   11     OBJ =  0.11611031E+01
     ITER =   12     OBJ =  0.11542851E+01
     ITER =   13     OBJ =  0.11559054E+01
        NUMBER OF FUNC-CALLS:  NFUNC =  32
        NUMBER OF GRAD-CALLS:  NGRAD =  14
