



   ---------------------------------------------------------------------------
     START OF THE SEQUENTIAL LEAST SQUARES PROGRAMMING ALGORIT  
   ---------------------------------------------------------------------------

     PARAMETERS:
        ACC =   0.1000D-02
        MAXITER =500
        IPRINT =   1
IOUT =   6


     ITER =    1     OBJ =  0.19358762E+00
     ITER =    2     OBJ =  0.19458312E+00
     ITER =    3     OBJ =  0.18991721E+00
     ITER =    4     OBJ =  0.24106232E+00
     ITER =    5     OBJ =  0.24655363E+00
     ITER =    6     OBJ =  0.23680485E+00
     ITER =    7     OBJ =  0.24518887E+00
     ITER =    8     OBJ =  0.24052768E+00
     ITER =    9     OBJ =  0.24080469E+00
     ITER =   10     OBJ =  0.23226249E+00
     ITER =   11     OBJ =  0.23047301E+00
     ITER =   12     OBJ =  0.22893104E+00
     ITER =   13     OBJ =  0.22651838E+00
     ITER =   14     OBJ =  0.22464349E+00
        NUMBER OF FUNC-CALLS:  NFUNC =  17
        NUMBER OF GRAD-CALLS:  NGRAD =  15
