



   ---------------------------------------------------------------------------
     START OF THE SEQUENTIAL LEAST SQUARES PROGRAMMING ALGORIT  
   ---------------------------------------------------------------------------

     PARAMETERS:
        ACC =   0.1000D-02
        MAXITER =500
        IPRINT =   1
IOUT =   6


     ITER =    1     OBJ =  0.65674830E+00
     ITER =    2     OBJ =  0.69926289E+00
     ITER =    3     OBJ =  0.77192353E+00
     ITER =    4     OBJ =  0.84274872E+00
     ITER =    5     OBJ =  0.94954854E+00
     ITER =    6     OBJ =  0.92759024E+00
     ITER =    7     OBJ =  0.94255887E+00
     ITER =    8     OBJ =  0.94033825E+00
     ITER =    9     OBJ =  0.94127616E+00
     ITER =   10     OBJ =  0.94478642E+00
     ITER =   11     OBJ =  0.94511158E+00
        NUMBER OF FUNC-CALLS:  NFUNC =  36
        NUMBER OF GRAD-CALLS:  NGRAD =  12
