



   ---------------------------------------------------------------------------
     START OF THE SEQUENTIAL LEAST SQUARES PROGRAMMING ALGORIT  
   ---------------------------------------------------------------------------

     PARAMETERS:
        ACC =   0.1000D-01
        MAXITER =500
        IPRINT =   1
IOUT =   6


     ITER =    1     OBJ =  0.47344287E+00
     ITER =    2     OBJ =  0.46388313E+00
     ITER =    3     OBJ =  0.48661865E+00
     ITER =    4     OBJ =  0.54883764E+00
     ITER =    5     OBJ =  0.60164199E+00
     ITER =    6     OBJ =  0.78561797E+00
     ITER =    7     OBJ =  0.78135925E+00
     ITER =    8     OBJ =  0.78076709E+00
     ITER =    9     OBJ =  0.78384873E+00
     ITER =   10     OBJ =  0.82792139E+00
     ITER =   11     OBJ =  0.82744776E+00
     ITER =   12     OBJ =  0.84047783E+00
        NUMBER OF FUNC-CALLS:  NFUNC =  39
        NUMBER OF GRAD-CALLS:  NGRAD =  13
