



   ---------------------------------------------------------------------------
     START OF THE SEQUENTIAL LEAST SQUARES PROGRAMMING ALGORIT  
   ---------------------------------------------------------------------------

     PARAMETERS:
        ACC =   0.1000D-02
        MAXITER =500
        IPRINT =   1
IOUT =   6


     ITER =    1     OBJ =  0.35579690E+00
     ITER =    2     OBJ =  0.33703304E+00
     ITER =    3     OBJ =  0.40283489E+00
     ITER =    4     OBJ =  0.40350802E+00
     ITER =    5     OBJ =  0.40972454E+00
     ITER =    6     OBJ =  0.40936506E+00
     ITER =    7     OBJ =  0.41079709E+00
     ITER =    8     OBJ =  0.41066130E+00
     ITER =    9     OBJ =  0.41071896E+00
     ITER =   10     OBJ =  0.41071896E+00
     ITER =   11     OBJ =  0.40963871E+00
     ITER =   12     OBJ =  0.40993138E+00
     ITER =   13     OBJ =  0.41088904E+00
     ITER =   14     OBJ =  0.41093212E+00
        NUMBER OF FUNC-CALLS:  NFUNC =  47
        NUMBER OF GRAD-CALLS:  NGRAD =  15
