



   ---------------------------------------------------------------------------
     START OF THE SEQUENTIAL LEAST SQUARES PROGRAMMING ALGORIT  
   ---------------------------------------------------------------------------

     PARAMETERS:
        ACC =   0.1000D-01
        MAXITER =500
        IPRINT =   1
IOUT =   6


     ITER =    1     OBJ =  0.79813061E+00
     ITER =    2     OBJ =  0.92132680E+00
     ITER =    3     OBJ =  0.95506633E+00
     ITER =    4     OBJ =  0.10319012E+01
     ITER =    5     OBJ =  0.10563950E+01
     ITER =    6     OBJ =  0.10566155E+01
     ITER =    7     OBJ =  0.10723737E+01
     ITER =    8     OBJ =  0.11236899E+01
     ITER =    9     OBJ =  0.11312551E+01
     ITER =   10     OBJ =  0.11375107E+01
     ITER =   11     OBJ =  0.12958893E+01
     ITER =   12     OBJ =  0.13097611E+01
     ITER =   13     OBJ =  0.13009236E+01
     ITER =   14     OBJ =  0.13563682E+01
