



   ---------------------------------------------------------------------------
     START OF THE SEQUENTIAL LEAST SQUARES PROGRAMMING ALGORIT  
   ---------------------------------------------------------------------------

     PARAMETERS:
        ACC =   0.1000D-02
        MAXITER =500
        IPRINT =   1
IOUT =   6


     ITER =    1     OBJ =  0.58017099E+00
     ITER =    2     OBJ =  0.63909705E+00
     ITER =    3     OBJ =  0.63579881E+00
     ITER =    4     OBJ =  0.66976918E+00
     ITER =    5     OBJ =  0.68557226E+00
     ITER =    6     OBJ =  0.72226406E+00
     ITER =    7     OBJ =  0.72872706E+00
     ITER =    8     OBJ =  0.72959655E+00
     ITER =    9     OBJ =  0.72871274E+00
     ITER =   10     OBJ =  0.72836712E+00
     ITER =   11     OBJ =  0.73033589E+00
        NUMBER OF FUNC-CALLS:  NFUNC =  27
        NUMBER OF GRAD-CALLS:  NGRAD =  12
