



   ---------------------------------------------------------------------------
     START OF THE SEQUENTIAL LEAST SQUARES PROGRAMMING ALGORIT  
   ---------------------------------------------------------------------------

     PARAMETERS:
        ACC =   0.1000D-01
        MAXITER =500
        IPRINT =   1
IOUT =   6


     ITER =    1     OBJ =  0.11954045E+01
     ITER =    2     OBJ =  0.12372530E+01
     ITER =    3     OBJ =  0.12089660E+01
     ITER =    4     OBJ =  0.12301315E+01
     ITER =    5     OBJ =  0.12813482E+01
     ITER =    6     OBJ =  0.14035562E+01
     ITER =    7     OBJ =  0.14524569E+01
     ITER =    8     OBJ =  0.16167113E+01
     ITER =    9     OBJ =  0.17943766E+01
     ITER =   10     OBJ =  0.20268345E+01
     ITER =   11     OBJ =  0.20144881E+01
        NUMBER OF FUNC-CALLS:  NFUNC =  32
        NUMBER OF GRAD-CALLS:  NGRAD =  12
