



   ---------------------------------------------------------------------------
     START OF THE SEQUENTIAL LEAST SQUARES PROGRAMMING ALGORIT  
   ---------------------------------------------------------------------------

     PARAMETERS:
        ACC =   0.1000D-02
        MAXITER =500
        IPRINT =   1
IOUT =   6


     ITER =    1     OBJ =  0.26786109E+00
     ITER =    2     OBJ =  0.21030467E+00
     ITER =    3     OBJ =  0.18572147E+00
     ITER =    4     OBJ =  0.20580504E+00
     ITER =    5     OBJ =  0.21033510E+00
     ITER =    6     OBJ =  0.21442946E+00
     ITER =    7     OBJ =  0.22271732E+00
     ITER =    8     OBJ =  0.22353143E+00
     ITER =    9     OBJ =  0.22205779E+00
     ITER =   10     OBJ =  0.22222265E+00
     ITER =   11     OBJ =  0.22354372E+00
     ITER =   12     OBJ =  0.22261562E+00
     ITER =   13     OBJ =  0.22247026E+00
        NUMBER OF FUNC-CALLS:  NFUNC =  36
        NUMBER OF GRAD-CALLS:  NGRAD =  14
