



   ---------------------------------------------------------------------------
     START OF THE SEQUENTIAL LEAST SQUARES PROGRAMMING ALGORIT  
   ---------------------------------------------------------------------------

     PARAMETERS:
        ACC =   0.1000D-02
        MAXITER =500
        IPRINT =   1
IOUT =   6


     ITER =    1     OBJ =  0.58238628E+00
     ITER =    2     OBJ =  0.44859160E+00
     ITER =    3     OBJ =  0.50194781E+00
     ITER =    4     OBJ =  0.51388375E+00
     ITER =    5     OBJ =  0.59870740E+00
     ITER =    6     OBJ =  0.59822430E+00
     ITER =    7     OBJ =  0.63803874E+00
     ITER =    8     OBJ =  0.63442645E+00
     ITER =    9     OBJ =  0.63235903E+00
     ITER =   10     OBJ =  0.62803649E+00
     ITER =   11     OBJ =  0.62821762E+00
     ITER =   12     OBJ =  0.62971443E+00
     ITER =   13     OBJ =  0.62764200E+00
     ITER =   14     OBJ =  0.62825319E+00
        NUMBER OF FUNC-CALLS:  NFUNC =  32
        NUMBER OF GRAD-CALLS:  NGRAD =  15
