



   ---------------------------------------------------------------------------
     START OF THE SEQUENTIAL LEAST SQUARES PROGRAMMING ALGORIT  
   ---------------------------------------------------------------------------

     PARAMETERS:
        ACC =   0.1000D-02
        MAXITER =500
        IPRINT =   1
IOUT =   6


     ITER =    1     OBJ =  0.74853965E+00
     ITER =    2     OBJ =  0.77301787E+00
     ITER =    3     OBJ =  0.76138654E+00
     ITER =    4     OBJ =  0.75787191E+00
     ITER =    5     OBJ =  0.76331995E+00
     ITER =    6     OBJ =  0.80264438E+00
     ITER =    7     OBJ =  0.79594852E+00
     ITER =    8     OBJ =  0.80272972E+00
     ITER =    9     OBJ =  0.80493891E+00
     ITER =   10     OBJ =  0.80421715E+00
     ITER =   11     OBJ =  0.80320707E+00
     ITER =   12     OBJ =  0.80378098E+00
     ITER =   13     OBJ =  0.80528677E+00
     ITER =   14     OBJ =  0.80554353E+00
        NUMBER OF FUNC-CALLS:  NFUNC =  42
        NUMBER OF GRAD-CALLS:  NGRAD =  15
