



   ---------------------------------------------------------------------------
     START OF THE SEQUENTIAL LEAST SQUARES PROGRAMMING ALGORIT  
   ---------------------------------------------------------------------------

     PARAMETERS:
        ACC =   0.1000D-02
        MAXITER =500
        IPRINT =   1
IOUT =   6


     ITER =    1     OBJ =  0.76090200E+00
     ITER =    2     OBJ =  0.73397412E+00
     ITER =    3     OBJ =  0.77834938E+00
     ITER =    4     OBJ =  0.83156145E+00
     ITER =    5     OBJ =  0.82431375E+00
     ITER =    6     OBJ =  0.85613059E+00
     ITER =    7     OBJ =  0.86083827E+00
     ITER =    8     OBJ =  0.86926299E+00
     ITER =    9     OBJ =  0.87143568E+00
     ITER =   10     OBJ =  0.86183587E+00
     ITER =   11     OBJ =  0.86237005E+00
