



   ---------------------------------------------------------------------------
     START OF THE SEQUENTIAL LEAST SQUARES PROGRAMMING ALGORIT  
   ---------------------------------------------------------------------------

     PARAMETERS:
        ACC =   0.1000D-02
        MAXITER =500
        IPRINT =   1
IOUT =   6


     ITER =    1     OBJ =  0.73956050E+00
     ITER =    2     OBJ =  0.72811828E+00
     ITER =    3     OBJ =  0.74194378E+00
     ITER =    4     OBJ =  0.76474767E+00
     ITER =    5     OBJ =  0.76494845E+00
     ITER =    6     OBJ =  0.81984505E+00
     ITER =    7     OBJ =  0.82429300E+00
     ITER =    8     OBJ =  0.82252146E+00
     ITER =    9     OBJ =  0.82558426E+00
     ITER =   10     OBJ =  0.82132039E+00
        NUMBER OF FUNC-CALLS:  NFUNC =  35
        NUMBER OF GRAD-CALLS:  NGRAD =  11
