



   ---------------------------------------------------------------------------
     START OF THE SEQUENTIAL LEAST SQUARES PROGRAMMING ALGORIT  
   ---------------------------------------------------------------------------

     PARAMETERS:
        ACC =   0.1000D-01
        MAXITER =500
        IPRINT =   1
IOUT =   6


     ITER =    1     OBJ =  0.39013092E+00
     ITER =    2     OBJ =  0.39882200E+00
     ITER =    3     OBJ =  0.48778676E+00
     ITER =    4     OBJ =  0.48189774E+00
     ITER =    5     OBJ =  0.48766502E+00
     ITER =    6     OBJ =  0.48522352E+00
     ITER =    7     OBJ =  0.47209547E+00
     ITER =    8     OBJ =  0.47087496E+00
     ITER =    9     OBJ =  0.49556139E+00
     ITER =   10     OBJ =  0.48607346E+00
     ITER =   11     OBJ =  0.49081840E+00
     ITER =   12     OBJ =  0.49109068E+00
        NUMBER OF FUNC-CALLS:  NFUNC =  30
        NUMBER OF GRAD-CALLS:  NGRAD =  13
