



   ---------------------------------------------------------------------------
     START OF THE SEQUENTIAL LEAST SQUARES PROGRAMMING ALGORIT  
   ---------------------------------------------------------------------------

     PARAMETERS:
        ACC =   0.1000D-02
        MAXITER =500
        IPRINT =   1
IOUT =   6


     ITER =    1     OBJ =  0.17805781E+00
     ITER =    2     OBJ =  0.17886068E+00
     ITER =    3     OBJ =  0.19138900E+00
     ITER =    4     OBJ =  0.18498261E+00
     ITER =    5     OBJ =  0.17341426E+00
     ITER =    6     OBJ =  0.16836747E+00
     ITER =    7     OBJ =  0.16288767E+00
     ITER =    8     OBJ =  0.16304407E+00
     ITER =    9     OBJ =  0.16314224E+00
     ITER =   10     OBJ =  0.16262996E+00
     ITER =   11     OBJ =  0.16248271E+00
     ITER =   12     OBJ =  0.16226609E+00
     ITER =   13     OBJ =  0.16211484E+00
     ITER =   14     OBJ =  0.16193685E+00
     ITER =   15     OBJ =  0.16183682E+00
        NUMBER OF FUNC-CALLS:  NFUNC =  27
        NUMBER OF GRAD-CALLS:  NGRAD =  16
