



   ---------------------------------------------------------------------------
     START OF THE SEQUENTIAL LEAST SQUARES PROGRAMMING ALGORIT  
   ---------------------------------------------------------------------------

     PARAMETERS:
        ACC =   0.1000D-02
        MAXITER =500
        IPRINT =   1
IOUT =   6


     ITER =    1     OBJ =  0.61412457E+00
     ITER =    2     OBJ =  0.60310620E+00
     ITER =    3     OBJ =  0.60096588E+00
     ITER =    4     OBJ =  0.61354664E+00
     ITER =    5     OBJ =  0.65033744E+00
     ITER =    6     OBJ =  0.64244486E+00
     ITER =    7     OBJ =  0.66162485E+00
     ITER =    8     OBJ =  0.65481967E+00
     ITER =    9     OBJ =  0.64910296E+00
     ITER =   10     OBJ =  0.65109046E+00
     ITER =   11     OBJ =  0.65101693E+00
     ITER =   12     OBJ =  0.65230775E+00
     ITER =   13     OBJ =  0.65196109E+00
     ITER =   14     OBJ =  0.65183602E+00
     ITER =   15     OBJ =  0.65306123E+00
        NUMBER OF FUNC-CALLS:  NFUNC =  44
        NUMBER OF GRAD-CALLS:  NGRAD =  16
