



   ---------------------------------------------------------------------------
     START OF THE SEQUENTIAL LEAST SQUARES PROGRAMMING ALGORIT  
   ---------------------------------------------------------------------------

     PARAMETERS:
        ACC =   0.1000D-02
        MAXITER =500
        IPRINT =   1
IOUT =   6


     ITER =    1     OBJ =  0.55812440E+00
     ITER =    2     OBJ =  0.60042633E+00
     ITER =    3     OBJ =  0.65385647E+00
     ITER =    4     OBJ =  0.65374038E+00
     ITER =    5     OBJ =  0.72993539E+00
     ITER =    6     OBJ =  0.72528044E+00
     ITER =    7     OBJ =  0.73249597E+00
     ITER =    8     OBJ =  0.72915780E+00
     ITER =    9     OBJ =  0.72698241E+00
     ITER =   10     OBJ =  0.72683844E+00
     ITER =   11     OBJ =  0.72854885E+00
        NUMBER OF FUNC-CALLS:  NFUNC =  26
        NUMBER OF GRAD-CALLS:  NGRAD =  12
