



   ---------------------------------------------------------------------------
     START OF THE SEQUENTIAL LEAST SQUARES PROGRAMMING ALGORIT  
   ---------------------------------------------------------------------------

     PARAMETERS:
        ACC =   0.1000D-02
        MAXITER =500
        IPRINT =   1
IOUT =   6


     ITER =    1     OBJ =  0.14460417E+01
     ITER =    2     OBJ =  0.14488853E+01
     ITER =    3     OBJ =  0.14215378E+01
     ITER =    4     OBJ =  0.13673312E+01
     ITER =    5     OBJ =  0.13935491E+01
     ITER =    6     OBJ =  0.13895032E+01
     ITER =    7     OBJ =  0.13918554E+01
     ITER =    8     OBJ =  0.14213328E+01
     ITER =    9     OBJ =  0.14507010E+01
     ITER =   10     OBJ =  0.14539322E+01
     ITER =   11     OBJ =  0.14495940E+01
     ITER =   12     OBJ =  0.14724022E+01
     ITER =   13     OBJ =  0.14685808E+01
     ITER =   14     OBJ =  0.14711969E+01
        NUMBER OF FUNC-CALLS:  NFUNC =  44
        NUMBER OF GRAD-CALLS:  NGRAD =  15
