



   ---------------------------------------------------------------------------
     START OF THE SEQUENTIAL LEAST SQUARES PROGRAMMING ALGORIT  
   ---------------------------------------------------------------------------

     PARAMETERS:
        ACC =   0.1000D-01
        MAXITER =500
        IPRINT =   1
IOUT =   6


     ITER =    1     OBJ =  0.73558684E+00
     ITER =    2     OBJ =  0.78352733E+00
     ITER =    3     OBJ =  0.75779043E+00
     ITER =    4     OBJ =  0.89430843E+00
     ITER =    5     OBJ =  0.89799259E+00
     ITER =    6     OBJ =  0.11467059E+01
     ITER =    7     OBJ =  0.11312111E+01
     ITER =    8     OBJ =  0.11215147E+01
     ITER =    9     OBJ =  0.11363168E+01
     ITER =   10     OBJ =  0.11378448E+01
     ITER =   11     OBJ =  0.11364352E+01
     ITER =   12     OBJ =  0.11401428E+01
        NUMBER OF FUNC-CALLS:  NFUNC =  42
        NUMBER OF GRAD-CALLS:  NGRAD =  13
