



   ---------------------------------------------------------------------------
     START OF THE SEQUENTIAL LEAST SQUARES PROGRAMMING ALGORIT  
   ---------------------------------------------------------------------------

     PARAMETERS:
        ACC =   0.1000D-02
        MAXITER =500
        IPRINT =   1
IOUT =   6


     ITER =    1     OBJ =  0.24496144E+00
     ITER =    2     OBJ =  0.27383966E+00
     ITER =    3     OBJ =  0.25620720E+00
     ITER =    4     OBJ =  0.25416860E+00
     ITER =    5     OBJ =  0.27342203E+00
     ITER =    6     OBJ =  0.26484343E+00
     ITER =    7     OBJ =  0.26337560E+00
     ITER =    8     OBJ =  0.26162574E+00
     ITER =    9     OBJ =  0.26146099E+00
     ITER =   10     OBJ =  0.26305026E+00
     ITER =   11     OBJ =  0.26301319E+00
     ITER =   12     OBJ =  0.26248796E+00
     ITER =   13     OBJ =  0.26252220E+00
     ITER =   14     OBJ =  0.26385175E+00
        NUMBER OF FUNC-CALLS:  NFUNC =  45
        NUMBER OF GRAD-CALLS:  NGRAD =  15
