



   ---------------------------------------------------------------------------
     START OF THE SEQUENTIAL LEAST SQUARES PROGRAMMING ALGORIT  
   ---------------------------------------------------------------------------

     PARAMETERS:
        ACC =   0.1000D-03
        MAXITER =500
        IPRINT =   1
IOUT =   6


     ITER =    1     OBJ =  0.44992488E+00
     ITER =    2     OBJ =  0.45073400E+00
     ITER =    3     OBJ =  0.53130402E+00
     ITER =    4     OBJ =  0.53482525E+00
     ITER =    5     OBJ =  0.53106337E+00
     ITER =    6     OBJ =  0.55088531E+00
     ITER =    7     OBJ =  0.54972050E+00
     ITER =    8     OBJ =  0.55063949E+00
     ITER =    9     OBJ =  0.54801350E+00
     ITER =   10     OBJ =  0.54717894E+00
     ITER =   11     OBJ =  0.54522997E+00
     ITER =   12     OBJ =  0.54370300E+00
     ITER =   13     OBJ =  0.54287072E+00
