



   ---------------------------------------------------------------------------
     START OF THE SEQUENTIAL LEAST SQUARES PROGRAMMING ALGORIT  
   ---------------------------------------------------------------------------

     PARAMETERS:
        ACC =   0.1000D-01
        MAXITER =500
        IPRINT =   1
IOUT =   6


     ITER =    1     OBJ =  0.34093000E+00
     ITER =    2     OBJ =  0.29362837E+00
     ITER =    3     OBJ =  0.25773671E+00
     ITER =    4     OBJ =  0.26610193E+00
     ITER =    5     OBJ =  0.27502290E+00
     ITER =    6     OBJ =  0.27963868E+00
     ITER =    7     OBJ =  0.27937085E+00
     ITER =    8     OBJ =  0.27923510E+00
     ITER =    9     OBJ =  0.27926661E+00
     ITER =   10     OBJ =  0.27931396E+00
     ITER =   11     OBJ =  0.27915740E+00
     ITER =   12     OBJ =  0.27932308E+00
     ITER =   13     OBJ =  0.27888376E+00
     ITER =   14     OBJ =  0.27931614E+00
     ITER =   15     OBJ =  0.27941440E+00
        NUMBER OF FUNC-CALLS:  NFUNC =  61
        NUMBER OF GRAD-CALLS:  NGRAD =  16
