



   ---------------------------------------------------------------------------
     START OF THE SEQUENTIAL LEAST SQUARES PROGRAMMING ALGORIT  
   ---------------------------------------------------------------------------

     PARAMETERS:
        ACC =   0.1000D-02
        MAXITER =500
        IPRINT =   1
IOUT =   6


     ITER =    1     OBJ =  0.44374190E+00
     ITER =    2     OBJ =  0.49438986E+00
     ITER =    3     OBJ =  0.44219080E+00
     ITER =    4     OBJ =  0.44239591E+00
     ITER =    5     OBJ =  0.54611866E+00
     ITER =    6     OBJ =  0.56741063E+00
     ITER =    7     OBJ =  0.56468455E+00
     ITER =    8     OBJ =  0.55541616E+00
     ITER =    9     OBJ =  0.55158600E+00
     ITER =   10     OBJ =  0.54926718E+00
     ITER =   11     OBJ =  0.54829853E+00
     ITER =   12     OBJ =  0.54817214E+00
     ITER =   13     OBJ =  0.55294557E+00
     ITER =   14     OBJ =  0.55309768E+00
     ITER =   15     OBJ =  0.56439566E+00
     ITER =   16     OBJ =  0.56270367E+00
        NUMBER OF FUNC-CALLS:  NFUNC =  49
        NUMBER OF GRAD-CALLS:  NGRAD =  17
