



   ---------------------------------------------------------------------------
     START OF THE SEQUENTIAL LEAST SQUARES PROGRAMMING ALGORIT  
   ---------------------------------------------------------------------------

     PARAMETERS:
        ACC =   0.1000D-01
        MAXITER =500
        IPRINT =   1
IOUT =   6


     ITER =    1     OBJ =  0.65523960E+00
     ITER =    2     OBJ =  0.65079695E+00
     ITER =    3     OBJ =  0.63728877E+00
     ITER =    4     OBJ =  0.77454224E+00
     ITER =    5     OBJ =  0.91022321E+00
     ITER =    6     OBJ =  0.89099916E+00
     ITER =    7     OBJ =  0.89071417E+00
     ITER =    8     OBJ =  0.89071952E+00
     ITER =    9     OBJ =  0.90743237E+00
     ITER =   10     OBJ =  0.99134152E+00
     ITER =   11     OBJ =  0.98864338E+00
     ITER =   12     OBJ =  0.99560266E+00
     ITER =   13     OBJ =  0.99939067E+00
     ITER =   14     OBJ =  0.99490763E+00
        NUMBER OF FUNC-CALLS:  NFUNC =  37
        NUMBER OF GRAD-CALLS:  NGRAD =  15
