



   ---------------------------------------------------------------------------
     START OF THE SEQUENTIAL LEAST SQUARES PROGRAMMING ALGORIT  
   ---------------------------------------------------------------------------

     PARAMETERS:
        ACC =   0.1000D-01
        MAXITER =500
        IPRINT =   1
IOUT =   6


     ITER =    1     OBJ =  0.71623306E+00
     ITER =    2     OBJ =  0.76136977E+00
     ITER =    3     OBJ =  0.70515203E+00
     ITER =    4     OBJ =  0.85005859E+00
     ITER =    5     OBJ =  0.85296936E+00
     ITER =    6     OBJ =  0.97075906E+00
     ITER =    7     OBJ =  0.11339882E+01
     ITER =    8     OBJ =  0.11156930E+01
     ITER =    9     OBJ =  0.11294184E+01
     ITER =   10     OBJ =  0.11321074E+01
     ITER =   11     OBJ =  0.11267445E+01
     ITER =   12     OBJ =  0.11103836E+01
     ITER =   13     OBJ =  0.11039616E+01
     ITER =   14     OBJ =  0.11032911E+01
        NUMBER OF FUNC-CALLS:  NFUNC =  41
        NUMBER OF GRAD-CALLS:  NGRAD =  15
