



   ---------------------------------------------------------------------------
     START OF THE SEQUENTIAL LEAST SQUARES PROGRAMMING ALGORIT  
   ---------------------------------------------------------------------------

     PARAMETERS:
        ACC =   0.1000D-02
        MAXITER =500
        IPRINT =   1
IOUT =   6


     ITER =    1     OBJ =  0.10807981E+01
     ITER =    2     OBJ =  0.10642208E+01
     ITER =    3     OBJ =  0.11173522E+01
     ITER =    4     OBJ =  0.11401195E+01
     ITER =    5     OBJ =  0.12400126E+01
     ITER =    6     OBJ =  0.12380775E+01
     ITER =    7     OBJ =  0.13910200E+01
     ITER =    8     OBJ =  0.14622210E+01
     ITER =    9     OBJ =  0.15489347E+01
     ITER =   10     OBJ =  0.17283510E+01
     ITER =   11     OBJ =  0.17708658E+01
     ITER =   12     OBJ =  0.17639620E+01
     ITER =   13     OBJ =  0.17598008E+01
     ITER =   14     OBJ =  0.17559388E+01
     ITER =   15     OBJ =  0.17566424E+01
