



   ---------------------------------------------------------------------------
     START OF THE SEQUENTIAL LEAST SQUARES PROGRAMMING ALGORIT  
   ---------------------------------------------------------------------------

     PARAMETERS:
        ACC =   0.1000D-02
        MAXITER =500
        IPRINT =   1
IOUT =   6


     ITER =    1     OBJ =  0.45682270E+00
     ITER =    2     OBJ =  0.47761447E+00
     ITER =    3     OBJ =  0.53142272E+00
     ITER =    4     OBJ =  0.53382517E+00
     ITER =    5     OBJ =  0.53805350E+00
     ITER =    6     OBJ =  0.53823340E+00
     ITER =    7     OBJ =  0.54121249E+00
     ITER =    8     OBJ =  0.54130327E+00
     ITER =    9     OBJ =  0.54117344E+00
     ITER =   10     OBJ =  0.54069351E+00
     ITER =   11     OBJ =  0.54063550E+00
     ITER =   12     OBJ =  0.54160675E+00
     ITER =   13     OBJ =  0.54173721E+00
        NUMBER OF FUNC-CALLS:  NFUNC =  42
        NUMBER OF GRAD-CALLS:  NGRAD =  14
