



   ---------------------------------------------------------------------------
     START OF THE SEQUENTIAL LEAST SQUARES PROGRAMMING ALGORIT  
   ---------------------------------------------------------------------------

     PARAMETERS:
        ACC =   0.1000D-05
        MAXITER =500
        IPRINT =   1
IOUT =   6


     ITER =    1     OBJ =  0.23435605E+01
     ITER =    2     OBJ =  0.18854947E+01
     ITER =    3     OBJ =  0.17262372E+01
     ITER =    4     OBJ =  0.17149769E+01
     ITER =    5     OBJ =  0.17423332E+01
     ITER =    6     OBJ =  0.17746140E+01
     ITER =    7     OBJ =  0.17720167E+01
     ITER =    8     OBJ =  0.19581335E+01
     ITER =    9     OBJ =  0.19911760E+01
     ITER =   10     OBJ =  0.20421956E+01
     ITER =   11     OBJ =  0.20452845E+01
     ITER =   12     OBJ =  0.20404782E+01
     ITER =   13     OBJ =  0.20222314E+01
     ITER =   14     OBJ =  0.20147515E+01
        NUMBER OF FUNC-CALLS:  NFUNC =  53
        NUMBER OF GRAD-CALLS:  NGRAD =  15
