



   ---------------------------------------------------------------------------
     START OF THE SEQUENTIAL LEAST SQUARES PROGRAMMING ALGORIT  
   ---------------------------------------------------------------------------

     PARAMETERS:
        ACC =   0.1000D-01
        MAXITER =500
        IPRINT =   1
IOUT =   6


     ITER =    1     OBJ =  0.20132929E+01
     ITER =    2     OBJ =  0.17446648E+01
     ITER =    3     OBJ =  0.12214589E+01
     ITER =    4     OBJ =  0.12426393E+01
     ITER =    5     OBJ =  0.13220742E+01
     ITER =    6     OBJ =  0.14800055E+01
     ITER =    7     OBJ =  0.14910427E+01
     ITER =    8     OBJ =  0.18092088E+01
     ITER =    9     OBJ =  0.19609218E+01
     ITER =   10     OBJ =  0.21281247E+01
     ITER =   11     OBJ =  0.21347682E+01
     ITER =   12     OBJ =  0.22035477E+01
     ITER =   13     OBJ =  0.23611058E+01
     ITER =   14     OBJ =  0.23480547E+01
     ITER =   15     OBJ =  0.23395036E+01
        NUMBER OF FUNC-CALLS:  NFUNC =  44
        NUMBER OF GRAD-CALLS:  NGRAD =  16
