



   ---------------------------------------------------------------------------
     START OF THE SEQUENTIAL LEAST SQUARES PROGRAMMING ALGORIT  
   ---------------------------------------------------------------------------

     PARAMETERS:
        ACC =   0.1000D-01
        MAXITER =500
        IPRINT =   1
IOUT =   6


     ITER =    1     OBJ =  0.31995560E+00
     ITER =    2     OBJ =  0.32201023E+00
     ITER =    3     OBJ =  0.30274214E+00
     ITER =    4     OBJ =  0.33585711E+00
     ITER =    5     OBJ =  0.35075795E+00
     ITER =    6     OBJ =  0.35273695E+00
     ITER =    7     OBJ =  0.35784383E+00
     ITER =    8     OBJ =  0.35869233E+00
     ITER =    9     OBJ =  0.37115371E+00
     ITER =   10     OBJ =  0.37250864E+00
     ITER =   11     OBJ =  0.37196568E+00
     ITER =   12     OBJ =  0.36524734E+00
     ITER =   13     OBJ =  0.36567327E+00
     ITER =   14     OBJ =  0.36573444E+00
     ITER =   15     OBJ =  0.36573538E+00
