



   ---------------------------------------------------------------------------
     START OF THE SEQUENTIAL LEAST SQUARES PROGRAMMING ALGORIT  
   ---------------------------------------------------------------------------

     PARAMETERS:
        ACC =   0.1000D-01
        MAXITER =500
        IPRINT =   1
IOUT =   6


     ITER =    1     OBJ =  0.31222091E+00
     ITER =    2     OBJ =  0.31718984E+00
     ITER =    3     OBJ =  0.32348151E+00
     ITER =    4     OBJ =  0.30988285E+00
     ITER =    5     OBJ =  0.30433663E+00
     ITER =    6     OBJ =  0.31724079E+00
     ITER =    7     OBJ =  0.31719035E+00
     ITER =    8     OBJ =  0.31718765E+00
     ITER =    9     OBJ =  0.31719126E+00
     ITER =   10     OBJ =  0.31719003E+00
     ITER =   11     OBJ =  0.31718946E+00
     ITER =   12     OBJ =  0.31718966E+00
     ITER =   13     OBJ =  0.31718919E+00
     ITER =   14     OBJ =  0.31718901E+00
     ITER =   15     OBJ =  0.31738606E+00
     ITER =   16     OBJ =  0.31762883E+00
        NUMBER OF FUNC-CALLS:  NFUNC =  72
        NUMBER OF GRAD-CALLS:  NGRAD =  17
