



   ---------------------------------------------------------------------------
     START OF THE SEQUENTIAL LEAST SQUARES PROGRAMMING ALGORIT  
   ---------------------------------------------------------------------------

     PARAMETERS:
        ACC =   0.1000D-02
        MAXITER =500
        IPRINT =   1
IOUT =   6


     ITER =    1     OBJ =  0.13706845E+01
     ITER =    2     OBJ =  0.14600702E+01
     ITER =    3     OBJ =  0.14128120E+01
     ITER =    4     OBJ =  0.14234446E+01
     ITER =    5     OBJ =  0.14363273E+01
     ITER =    6     OBJ =  0.14670024E+01
     ITER =    7     OBJ =  0.14638844E+01
     ITER =    8     OBJ =  0.14680222E+01
     ITER =    9     OBJ =  0.14682769E+01
     ITER =   10     OBJ =  0.14684082E+01
     ITER =   11     OBJ =  0.14685074E+01
     ITER =   12     OBJ =  0.14703658E+01
        NUMBER OF FUNC-CALLS:  NFUNC =  47
        NUMBER OF GRAD-CALLS:  NGRAD =  13
