



   ---------------------------------------------------------------------------
     START OF THE SEQUENTIAL LEAST SQUARES PROGRAMMING ALGORIT  
   ---------------------------------------------------------------------------

     PARAMETERS:
        ACC =   0.1000D-01
        MAXITER =500
        IPRINT =   1
IOUT =   6


     ITER =    1     OBJ =  0.36374325E+00
     ITER =    2     OBJ =  0.41268376E+00
     ITER =    3     OBJ =  0.33915850E+00
     ITER =    4     OBJ =  0.34654511E+00
     ITER =    5     OBJ =  0.42768839E+00
     ITER =    6     OBJ =  0.40286919E+00
     ITER =    7     OBJ =  0.42614406E+00
     ITER =    8     OBJ =  0.40509472E+00
     ITER =    9     OBJ =  0.41705843E+00
     ITER =   10     OBJ =  0.41795955E+00
     ITER =   11     OBJ =  0.41769786E+00
        NUMBER OF FUNC-CALLS:  NFUNC =  24
        NUMBER OF GRAD-CALLS:  NGRAD =  12
