



   ---------------------------------------------------------------------------
     START OF THE SEQUENTIAL LEAST SQUARES PROGRAMMING ALGORIT  
   ---------------------------------------------------------------------------

     PARAMETERS:
        ACC =   0.1000D-01
        MAXITER =500
        IPRINT =   1
IOUT =   6


     ITER =    1     OBJ =  0.33287625E+00
     ITER =    2     OBJ =  0.28332854E+00
     ITER =    3     OBJ =  0.25283282E+00
     ITER =    4     OBJ =  0.26975144E+00
     ITER =    5     OBJ =  0.26526802E+00
     ITER =    6     OBJ =  0.26964665E+00
     ITER =    7     OBJ =  0.27576561E+00
     ITER =    8     OBJ =  0.27566211E+00
     ITER =    9     OBJ =  0.27542437E+00
     ITER =   10     OBJ =  0.27806665E+00
     ITER =   11     OBJ =  0.27759216E+00
     ITER =   12     OBJ =  0.27783133E+00
        NUMBER OF FUNC-CALLS:  NFUNC =  25
        NUMBER OF GRAD-CALLS:  NGRAD =  13
