



   ---------------------------------------------------------------------------
     START OF THE SEQUENTIAL LEAST SQUARES PROGRAMMING ALGORIT  
   ---------------------------------------------------------------------------

     PARAMETERS:
        ACC =   0.1000D-02
        MAXITER =500
        IPRINT =   1
IOUT =   6


     ITER =    1     OBJ =  0.37758676E+00
     ITER =    2     OBJ =  0.31596796E+00
     ITER =    3     OBJ =  0.31825859E+00
     ITER =    4     OBJ =  0.36445106E+00
     ITER =    5     OBJ =  0.51753602E+00
     ITER =    6     OBJ =  0.48356588E+00
     ITER =    7     OBJ =  0.49507487E+00
     ITER =    8     OBJ =  0.49600001E+00
     ITER =    9     OBJ =  0.49488080E+00
     ITER =   10     OBJ =  0.48323315E+00
     ITER =   11     OBJ =  0.47068092E+00
     ITER =   12     OBJ =  0.44317525E+00
     ITER =   13     OBJ =  0.44196422E+00
     ITER =   14     OBJ =  0.44895805E+00
        NUMBER OF FUNC-CALLS:  NFUNC =  23
        NUMBER OF GRAD-CALLS:  NGRAD =  15
