



   ---------------------------------------------------------------------------
     START OF THE SEQUENTIAL LEAST SQUARES PROGRAMMING ALGORIT  
   ---------------------------------------------------------------------------

     PARAMETERS:
        ACC =   0.1000D-01
        MAXITER =500
        IPRINT =   1
IOUT =   6


     ITER =    1     OBJ =  0.37618567E+00
     ITER =    2     OBJ =  0.36360272E+00
     ITER =    3     OBJ =  0.38449215E+00
     ITER =    4     OBJ =  0.36419103E+00
     ITER =    5     OBJ =  0.36638780E+00
     ITER =    6     OBJ =  0.37009926E+00
     ITER =    7     OBJ =  0.37154432E+00
     ITER =    8     OBJ =  0.37200369E+00
     ITER =    9     OBJ =  0.37130402E+00
     ITER =   10     OBJ =  0.37154295E+00
     ITER =   11     OBJ =  0.37212961E+00
     ITER =   12     OBJ =  0.37186839E+00
        NUMBER OF FUNC-CALLS:  NFUNC =  37
        NUMBER OF GRAD-CALLS:  NGRAD =  13
