



   ---------------------------------------------------------------------------
     START OF THE SEQUENTIAL LEAST SQUARES PROGRAMMING ALGORIT  
   ---------------------------------------------------------------------------

     PARAMETERS:
        ACC =   0.1000D-01
        MAXITER =500
        IPRINT =   1
IOUT =   6


     ITER =    1     OBJ =  0.29277118E+00
     ITER =    2     OBJ =  0.23789971E+00
     ITER =    3     OBJ =  0.22489928E+00
     ITER =    4     OBJ =  0.23626788E+00
     ITER =    5     OBJ =  0.23119127E+00
     ITER =    6     OBJ =  0.23024368E+00
     ITER =    7     OBJ =  0.23024359E+00
     ITER =    8     OBJ =  0.22318382E+00
     ITER =    9     OBJ =  0.22331814E+00
     ITER =   10     OBJ =  0.22101660E+00
     ITER =   11     OBJ =  0.22134410E+00
     ITER =   12     OBJ =  0.22351368E+00
     ITER =   13     OBJ =  0.22323033E+00
     ITER =   14     OBJ =  0.22181225E+00
        NUMBER OF FUNC-CALLS:  NFUNC =  27
        NUMBER OF GRAD-CALLS:  NGRAD =  15
