



   ---------------------------------------------------------------------------
     START OF THE SEQUENTIAL LEAST SQUARES PROGRAMMING ALGORIT  
   ---------------------------------------------------------------------------

     PARAMETERS:
        ACC =   0.1000D-01
        MAXITER =500
        IPRINT =   1
IOUT =   6


     ITER =    1     OBJ =  0.57515008E+00
     ITER =    2     OBJ =  0.68682651E+00
     ITER =    3     OBJ =  0.81414943E+00
     ITER =    4     OBJ =  0.82070229E+00
     ITER =    5     OBJ =  0.95692953E+00
     ITER =    6     OBJ =  0.94653142E+00
     ITER =    7     OBJ =  0.94492388E+00
     ITER =    8     OBJ =  0.86138466E+00
     ITER =    9     OBJ =  0.91135030E+00
     ITER =   10     OBJ =  0.91114838E+00
     ITER =   11     OBJ =  0.93646714E+00
     ITER =   12     OBJ =  0.93506607E+00
     ITER =   13     OBJ =  0.93986985E+00
     ITER =   14     OBJ =  0.94051778E+00
     ITER =   15     OBJ =  0.93384224E+00
        NUMBER OF FUNC-CALLS:  NFUNC =  32
        NUMBER OF GRAD-CALLS:  NGRAD =  16
