



   ---------------------------------------------------------------------------
     START OF THE SEQUENTIAL LEAST SQUARES PROGRAMMING ALGORIT  
   ---------------------------------------------------------------------------

     PARAMETERS:
        ACC =   0.1000D-01
        MAXITER =500
        IPRINT =   1
IOUT =   6


     ITER =    1     OBJ =  0.10406956E+01
     ITER =    2     OBJ =  0.11587232E+01
     ITER =    3     OBJ =  0.12238373E+01
     ITER =    4     OBJ =  0.12907320E+01
     ITER =    5     OBJ =  0.12970610E+01
     ITER =    6     OBJ =  0.14450801E+01
     ITER =    7     OBJ =  0.14536200E+01
     ITER =    8     OBJ =  0.20854870E+01
     ITER =    9     OBJ =  0.23943398E+01
     ITER =   10     OBJ =  0.23187103E+01
     ITER =   11     OBJ =  0.23403807E+01
     ITER =   12     OBJ =  0.23589274E+01
     ITER =   13     OBJ =  0.22907003E+01
     ITER =   14     OBJ =  0.22916297E+01
     ITER =   15     OBJ =  0.23184763E+01
     ITER =   16     OBJ =  0.23141283E+01
        NUMBER OF FUNC-CALLS:  NFUNC =  44
        NUMBER OF GRAD-CALLS:  NGRAD =  17
