



   ---------------------------------------------------------------------------
     START OF THE SEQUENTIAL LEAST SQUARES PROGRAMMING ALGORIT  
   ---------------------------------------------------------------------------

     PARAMETERS:
        ACC =   0.1000D-02
        MAXITER =500
        IPRINT =   1
IOUT =   6


     ITER =    1     OBJ =  0.17613324E+00
     ITER =    2     OBJ =  0.21622506E+00
     ITER =    3     OBJ =  0.16553551E+00
     ITER =    4     OBJ =  0.16657086E+00
     ITER =    5     OBJ =  0.17334734E+00
     ITER =    6     OBJ =  0.20854999E+00
     ITER =    7     OBJ =  0.20365240E+00
     ITER =    8     OBJ =  0.18811032E+00
     ITER =    9     OBJ =  0.18359740E+00
     ITER =   10     OBJ =  0.18332208E+00
     ITER =   11     OBJ =  0.18343501E+00
     ITER =   12     OBJ =  0.18380364E+00
     ITER =   13     OBJ =  0.18154197E+00
     ITER =   14     OBJ =  0.18167073E+00
        NUMBER OF FUNC-CALLS:  NFUNC =  40
        NUMBER OF GRAD-CALLS:  NGRAD =  15
