



   ---------------------------------------------------------------------------
     START OF THE SEQUENTIAL LEAST SQUARES PROGRAMMING ALGORIT  
   ---------------------------------------------------------------------------

     PARAMETERS:
        ACC =   0.1000D-02
        MAXITER =500
        IPRINT =   1
IOUT =   6


     ITER =    1     OBJ =  0.72251066E+00
     ITER =    2     OBJ =  0.77771757E+00
     ITER =    3     OBJ =  0.83238637E+00
     ITER =    4     OBJ =  0.84023914E+00
     ITER =    5     OBJ =  0.92417945E+00
     ITER =    6     OBJ =  0.92720617E+00
     ITER =    7     OBJ =  0.12235539E+01
     ITER =    8     OBJ =  0.12607306E+01
     ITER =    9     OBJ =  0.13049780E+01
     ITER =   10     OBJ =  0.12949021E+01
     ITER =   11     OBJ =  0.12947192E+01
     ITER =   12     OBJ =  0.12951916E+01
     ITER =   13     OBJ =  0.12967382E+01
     ITER =   14     OBJ =  0.12965384E+01
        NUMBER OF FUNC-CALLS:  NFUNC =  43
        NUMBER OF GRAD-CALLS:  NGRAD =  15
