



   ---------------------------------------------------------------------------
     START OF THE SEQUENTIAL LEAST SQUARES PROGRAMMING ALGORIT  
   ---------------------------------------------------------------------------

     PARAMETERS:
        ACC =   0.1000D-02
        MAXITER =500
        IPRINT =   1
IOUT =   6


     ITER =    1     OBJ =  0.80952243E+00
     ITER =    2     OBJ =  0.69430019E+00
     ITER =    3     OBJ =  0.10002003E+01
     ITER =    4     OBJ =  0.97667415E+00
     ITER =    5     OBJ =  0.10001788E+01
     ITER =    6     OBJ =  0.11581244E+01
     ITER =    7     OBJ =  0.12739754E+01
     ITER =    8     OBJ =  0.12823875E+01
     ITER =    9     OBJ =  0.12822788E+01
     ITER =   10     OBJ =  0.13097094E+01
     ITER =   11     OBJ =  0.13006091E+01
     ITER =   12     OBJ =  0.12955033E+01
     ITER =   13     OBJ =  0.12973852E+01
     ITER =   14     OBJ =  0.12945790E+01
     ITER =   15     OBJ =  0.12939692E+01
     ITER =   16     OBJ =  0.12957612E+01
        NUMBER OF FUNC-CALLS:  NFUNC =  44
        NUMBER OF GRAD-CALLS:  NGRAD =  17
