



   ---------------------------------------------------------------------------
     START OF THE SEQUENTIAL LEAST SQUARES PROGRAMMING ALGORIT  
   ---------------------------------------------------------------------------

     PARAMETERS:
        ACC =   0.1000D-01
        MAXITER =500
        IPRINT =   1
IOUT =   6


     ITER =    1     OBJ =  0.83458547E+00
     ITER =    2     OBJ =  0.88164674E+00
     ITER =    3     OBJ =  0.86539229E+00
     ITER =    4     OBJ =  0.91102398E+00
     ITER =    5     OBJ =  0.10479008E+01
     ITER =    6     OBJ =  0.10788656E+01
     ITER =    7     OBJ =  0.10812720E+01
     ITER =    8     OBJ =  0.11596947E+01
     ITER =    9     OBJ =  0.12204648E+01
     ITER =   10     OBJ =  0.13175782E+01
     ITER =   11     OBJ =  0.13207465E+01
     ITER =   12     OBJ =  0.13232293E+01
     ITER =   13     OBJ =  0.13237748E+01
        NUMBER OF FUNC-CALLS:  NFUNC =  32
        NUMBER OF GRAD-CALLS:  NGRAD =  14
