



   ---------------------------------------------------------------------------
     START OF THE SEQUENTIAL LEAST SQUARES PROGRAMMING ALGORIT  
   ---------------------------------------------------------------------------

     PARAMETERS:
        ACC =   0.1000D-01
        MAXITER =500
        IPRINT =   1
IOUT =   6


     ITER =    1     OBJ =  0.49663645E+00
     ITER =    2     OBJ =  0.48313544E+00
     ITER =    3     OBJ =  0.50814291E+00
     ITER =    4     OBJ =  0.55886446E+00
     ITER =    5     OBJ =  0.60048071E+00
     ITER =    6     OBJ =  0.59359757E+00
     ITER =    7     OBJ =  0.59368781E+00
     ITER =    8     OBJ =  0.59372821E+00
     ITER =    9     OBJ =  0.59713530E+00
     ITER =   10     OBJ =  0.59735831E+00
     ITER =   11     OBJ =  0.59803546E+00
     ITER =   12     OBJ =  0.59873576E+00
     ITER =   13     OBJ =  0.59896597E+00
     ITER =   14     OBJ =  0.59896632E+00
        NUMBER OF FUNC-CALLS:  NFUNC =  49
        NUMBER OF GRAD-CALLS:  NGRAD =  15
