



   ---------------------------------------------------------------------------
     START OF THE SEQUENTIAL LEAST SQUARES PROGRAMMING ALGORIT  
   ---------------------------------------------------------------------------

     PARAMETERS:
        ACC =   0.1000D-02
        MAXITER =500
        IPRINT =   1
IOUT =   6


     ITER =    1     OBJ =  0.80060552E+00
     ITER =    2     OBJ =  0.85743024E+00
     ITER =    3     OBJ =  0.92006917E+00
     ITER =    4     OBJ =  0.10462928E+01
     ITER =    5     OBJ =  0.11467198E+01
     ITER =    6     OBJ =  0.14395062E+01
     ITER =    7     OBJ =  0.14193428E+01
     ITER =    8     OBJ =  0.15120459E+01
     ITER =    9     OBJ =  0.15068651E+01
     ITER =   10     OBJ =  0.15063027E+01
     ITER =   11     OBJ =  0.15058147E+01
     ITER =   12     OBJ =  0.15051042E+01
     ITER =   13     OBJ =  0.15052872E+01
     ITER =   14     OBJ =  0.15052872E+01
     ITER =   15     OBJ =  0.15053662E+01
     ITER =   16     OBJ =  0.15053037E+01
        NUMBER OF FUNC-CALLS:  NFUNC =  54
        NUMBER OF GRAD-CALLS:  NGRAD =  17
