



   ---------------------------------------------------------------------------
     START OF THE SEQUENTIAL LEAST SQUARES PROGRAMMING ALGORIT  
   ---------------------------------------------------------------------------

     PARAMETERS:
        ACC =   0.1000D-02
        MAXITER =500
        IPRINT =   1
IOUT =   6


     ITER =    1     OBJ =  0.44334078E+00
     ITER =    2     OBJ =  0.40087157E+00
     ITER =    3     OBJ =  0.41462521E+00
     ITER =    4     OBJ =  0.41712045E+00
     ITER =    5     OBJ =  0.40720660E+00
     ITER =    6     OBJ =  0.40213407E+00
     ITER =    7     OBJ =  0.40335560E+00
     ITER =    8     OBJ =  0.39406487E+00
     ITER =    9     OBJ =  0.39363356E+00
     ITER =   10     OBJ =  0.39684882E+00
     ITER =   11     OBJ =  0.39572812E+00
     ITER =   12     OBJ =  0.39378181E+00
     ITER =   13     OBJ =  0.39269557E+00
     ITER =   14     OBJ =  0.39180555E+00
        NUMBER OF FUNC-CALLS:  NFUNC =  27
        NUMBER OF GRAD-CALLS:  NGRAD =  15
