



   ---------------------------------------------------------------------------
     START OF THE SEQUENTIAL LEAST SQUARES PROGRAMMING ALGORIT  
   ---------------------------------------------------------------------------

     PARAMETERS:
        ACC =   0.1000D-02
        MAXITER =500
        IPRINT =   1
IOUT =   6


     ITER =    1     OBJ =  0.20710832E+01
     ITER =    2     OBJ =  0.20801010E+01
     ITER =    3     OBJ =  0.19121478E+01
     ITER =    4     OBJ =  0.20968534E+01
     ITER =    5     OBJ =  0.21341053E+01
     ITER =    6     OBJ =  0.21022937E+01
     ITER =    7     OBJ =  0.20901837E+01
     ITER =    8     OBJ =  0.21176612E+01
     ITER =    9     OBJ =  0.20691542E+01
     ITER =   10     OBJ =  0.20976649E+01
     ITER =   11     OBJ =  0.21059546E+01
     ITER =   12     OBJ =  0.21112500E+01
     ITER =   13     OBJ =  0.21097018E+01
     ITER =   14     OBJ =  0.21119327E+01
     ITER =   15     OBJ =  0.21179747E+01
        NUMBER OF FUNC-CALLS:  NFUNC =  81
        NUMBER OF GRAD-CALLS:  NGRAD =  16
