



   ---------------------------------------------------------------------------
     START OF THE SEQUENTIAL LEAST SQUARES PROGRAMMING ALGORIT  
   ---------------------------------------------------------------------------

     PARAMETERS:
        ACC =   0.1000D-01
        MAXITER =500
        IPRINT =   1
IOUT =   6


     ITER =    1     OBJ =  0.44668403E+00
     ITER =    2     OBJ =  0.46317345E+00
     ITER =    3     OBJ =  0.49034609E+00
     ITER =    4     OBJ =  0.49589558E+00
     ITER =    5     OBJ =  0.52964565E+00
     ITER =    6     OBJ =  0.57904371E+00
     ITER =    7     OBJ =  0.62805905E+00
     ITER =    8     OBJ =  0.63783440E+00
     ITER =    9     OBJ =  0.62622588E+00
     ITER =   10     OBJ =  0.61541412E+00
        NUMBER OF FUNC-CALLS:  NFUNC =  25
        NUMBER OF GRAD-CALLS:  NGRAD =  11
