



   ---------------------------------------------------------------------------
     START OF THE SEQUENTIAL LEAST SQUARES PROGRAMMING ALGORIT  
   ---------------------------------------------------------------------------

     PARAMETERS:
        ACC =   0.1000D-02
        MAXITER =500
        IPRINT =   1
IOUT =   6


     ITER =    1     OBJ =  0.91606872E+00
     ITER =    2     OBJ =  0.10212088E+01
     ITER =    3     OBJ =  0.10319954E+01
     ITER =    4     OBJ =  0.10914143E+01
     ITER =    5     OBJ =  0.11022328E+01
     ITER =    6     OBJ =  0.11368238E+01
     ITER =    7     OBJ =  0.11543817E+01
     ITER =    8     OBJ =  0.11940435E+01
     ITER =    9     OBJ =  0.11752453E+01
     ITER =   10     OBJ =  0.11775545E+01
     ITER =   11     OBJ =  0.11770783E+01
     ITER =   12     OBJ =  0.11773662E+01
     ITER =   13     OBJ =  0.11763509E+01
     ITER =   14     OBJ =  0.11771792E+01
     ITER =   15     OBJ =  0.11785162E+01
        NUMBER OF FUNC-CALLS:  NFUNC =  59
        NUMBER OF GRAD-CALLS:  NGRAD =  16
