



   ---------------------------------------------------------------------------
     START OF THE SEQUENTIAL LEAST SQUARES PROGRAMMING ALGORIT  
   ---------------------------------------------------------------------------

     PARAMETERS:
        ACC =   0.1000D-01
        MAXITER =500
        IPRINT =   1
IOUT =   6


     ITER =    1     OBJ =  0.64195487E+00
     ITER =    2     OBJ =  0.74034724E+00
     ITER =    3     OBJ =  0.82305355E+00
     ITER =    4     OBJ =  0.10334845E+01
     ITER =    5     OBJ =  0.97974463E+00
     ITER =    6     OBJ =  0.98619412E+00
     ITER =    7     OBJ =  0.10938913E+01
     ITER =    8     OBJ =  0.11787185E+01
     ITER =    9     OBJ =  0.11818922E+01
     ITER =   10     OBJ =  0.11817576E+01
     ITER =   11     OBJ =  0.11756413E+01
     ITER =   12     OBJ =  0.11801960E+01
     ITER =   13     OBJ =  0.11730613E+01
     ITER =   14     OBJ =  0.11782396E+01
     ITER =   15     OBJ =  0.11852815E+01
     ITER =   16     OBJ =  0.11838365E+01
        NUMBER OF FUNC-CALLS:  NFUNC =  62
        NUMBER OF GRAD-CALLS:  NGRAD =  17
