



   ---------------------------------------------------------------------------
     START OF THE SEQUENTIAL LEAST SQUARES PROGRAMMING ALGORIT  
   ---------------------------------------------------------------------------

     PARAMETERS:
        ACC =   0.1000D-01
        MAXITER =500
        IPRINT =   1
IOUT =   6


     ITER =    1     OBJ =  0.59398721E+00
     ITER =    2     OBJ =  0.64534875E+00
     ITER =    3     OBJ =  0.67450384E+00
     ITER =    4     OBJ =  0.79117911E+00
     ITER =    5     OBJ =  0.87198188E+00
     ITER =    6     OBJ =  0.93190442E+00
     ITER =    7     OBJ =  0.93440012E+00
     ITER =    8     OBJ =  0.10143959E+01
     ITER =    9     OBJ =  0.12167707E+01
     ITER =   10     OBJ =  0.12165007E+01
