



   ---------------------------------------------------------------------------
     START OF THE SEQUENTIAL LEAST SQUARES PROGRAMMING ALGORIT  
   ---------------------------------------------------------------------------

     PARAMETERS:
        ACC =   0.1000D-02
        MAXITER =500
        IPRINT =   1
IOUT =   6


     ITER =    1     OBJ =  0.47455773E+00
     ITER =    2     OBJ =  0.50038651E+00
     ITER =    3     OBJ =  0.48621878E+00
     ITER =    4     OBJ =  0.51864086E+00
     ITER =    5     OBJ =  0.52317061E+00
     ITER =    6     OBJ =  0.51666390E+00
     ITER =    7     OBJ =  0.52664710E+00
     ITER =    8     OBJ =  0.52658221E+00
     ITER =    9     OBJ =  0.52624207E+00
     ITER =   10     OBJ =  0.52612872E+00
     ITER =   11     OBJ =  0.52612835E+00
     ITER =   12     OBJ =  0.52664895E+00
     ITER =   13     OBJ =  0.52599607E+00
     ITER =   14     OBJ =  0.52595324E+00
     ITER =   15     OBJ =  0.52595324E+00
     ITER =   16     OBJ =  0.52699599E+00
        NUMBER OF FUNC-CALLS:  NFUNC =  66
        NUMBER OF GRAD-CALLS:  NGRAD =  17
