



   ---------------------------------------------------------------------------
     START OF THE SEQUENTIAL LEAST SQUARES PROGRAMMING ALGORIT  
   ---------------------------------------------------------------------------

     PARAMETERS:
        ACC =   0.1000D-01
        MAXITER =500
        IPRINT =   1
IOUT =   6


     ITER =    1     OBJ =  0.46897867E+00
     ITER =    2     OBJ =  0.40733475E+00
     ITER =    3     OBJ =  0.33697250E+00
     ITER =    4     OBJ =  0.36915061E+00
     ITER =    5     OBJ =  0.80978976E+00
     ITER =    6     OBJ =  0.80809973E+00
     ITER =    7     OBJ =  0.82480057E+00
     ITER =    8     OBJ =  0.71996917E+00
     ITER =    9     OBJ =  0.69563451E+00
     ITER =   10     OBJ =  0.73636161E+00
     ITER =   11     OBJ =  0.77105252E+00
     ITER =   12     OBJ =  0.72323070E+00
     ITER =   13     OBJ =  0.78823588E+00
     ITER =   14     OBJ =  0.81721347E+00
     ITER =   15     OBJ =  0.97046147E+00
