



   ---------------------------------------------------------------------------
     START OF THE SEQUENTIAL LEAST SQUARES PROGRAMMING ALGORIT  
   ---------------------------------------------------------------------------

     PARAMETERS:
        ACC =   0.1000D-01
        MAXITER =500
        IPRINT =   1
IOUT =   6


     ITER =    1     OBJ =  0.52401945E+00
     ITER =    2     OBJ =  0.41600457E+00
     ITER =    3     OBJ =  0.41091055E+00
     ITER =    4     OBJ =  0.44550643E+00
     ITER =    5     OBJ =  0.52240411E+00
     ITER =    6     OBJ =  0.51490671E+00
     ITER =    7     OBJ =  0.58608276E+00
     ITER =    8     OBJ =  0.57961698E+00
     ITER =    9     OBJ =  0.58326872E+00
     ITER =   10     OBJ =  0.58067018E+00
        NUMBER OF FUNC-CALLS:  NFUNC =  15
        NUMBER OF GRAD-CALLS:  NGRAD =  11
