



   ---------------------------------------------------------------------------
     START OF THE SEQUENTIAL LEAST SQUARES PROGRAMMING ALGORIT  
   ---------------------------------------------------------------------------

     PARAMETERS:
        ACC =   0.1000D-01
        MAXITER =500
        IPRINT =   1
IOUT =   6


     ITER =    1     OBJ =  0.88119229E+00
     ITER =    2     OBJ =  0.95121712E+00
     ITER =    3     OBJ =  0.81821359E+00
     ITER =    4     OBJ =  0.90995613E+00
     ITER =    5     OBJ =  0.95890519E+00
     ITER =    6     OBJ =  0.96209293E+00
     ITER =    7     OBJ =  0.10332250E+01
     ITER =    8     OBJ =  0.10742176E+01
     ITER =    9     OBJ =  0.11594395E+01
     ITER =   10     OBJ =  0.11815077E+01
     ITER =   11     OBJ =  0.11762678E+01
     ITER =   12     OBJ =  0.11749099E+01
     ITER =   13     OBJ =  0.11662157E+01
     ITER =   14     OBJ =  0.11584839E+01
     ITER =   15     OBJ =  0.11641826E+01
     ITER =   16     OBJ =  0.11561980E+01
        NUMBER OF FUNC-CALLS:  NFUNC =  37
        NUMBER OF GRAD-CALLS:  NGRAD =  17
