



   ---------------------------------------------------------------------------
     START OF THE SEQUENTIAL LEAST SQUARES PROGRAMMING ALGORIT  
   ---------------------------------------------------------------------------

     PARAMETERS:
        ACC =   0.1000D-02
        MAXITER =500
        IPRINT =   1
IOUT =   6


     ITER =    1     OBJ =  0.37226609E+00
     ITER =    2     OBJ =  0.34171832E+00
     ITER =    3     OBJ =  0.42558699E+00
     ITER =    4     OBJ =  0.42697829E+00
     ITER =    5     OBJ =  0.46989702E+00
     ITER =    6     OBJ =  0.51279595E+00
     ITER =    7     OBJ =  0.51977288E+00
     ITER =    8     OBJ =  0.51846576E+00
     ITER =    9     OBJ =  0.51674168E+00
     ITER =   10     OBJ =  0.51843258E+00
     ITER =   11     OBJ =  0.52446164E+00
        NUMBER OF FUNC-CALLS:  NFUNC =  28
        NUMBER OF GRAD-CALLS:  NGRAD =  12
