



   ---------------------------------------------------------------------------
     START OF THE SEQUENTIAL LEAST SQUARES PROGRAMMING ALGORIT  
   ---------------------------------------------------------------------------

     PARAMETERS:
        ACC =   0.1000D-01
        MAXITER =500
        IPRINT =   1
IOUT =   6


     ITER =    1     OBJ =  0.83458547E+00
     ITER =    2     OBJ =  0.88467411E+00
     ITER =    3     OBJ =  0.89991426E+00
     ITER =    4     OBJ =  0.91454312E+00
     ITER =    5     OBJ =  0.96944476E+00
     ITER =    6     OBJ =  0.10642000E+01
     ITER =    7     OBJ =  0.10802725E+01
     ITER =    8     OBJ =  0.10844056E+01
     ITER =    9     OBJ =  0.11408702E+01
     ITER =   10     OBJ =  0.12021989E+01
     ITER =   11     OBJ =  0.12022695E+01
     ITER =   12     OBJ =  0.12346115E+01
     ITER =   13     OBJ =  0.12364555E+01
     ITER =   14     OBJ =  0.12403668E+01
     ITER =   15     OBJ =  0.12818820E+01
        NUMBER OF FUNC-CALLS:  NFUNC =  57
        NUMBER OF GRAD-CALLS:  NGRAD =  16
