



   ---------------------------------------------------------------------------
     START OF THE SEQUENTIAL LEAST SQUARES PROGRAMMING ALGORIT  
   ---------------------------------------------------------------------------

     PARAMETERS:
        ACC =   0.1000D-01
        MAXITER =500
        IPRINT =   1
IOUT =   6


     ITER =    1     OBJ =  0.29251388E+00
     ITER =    2     OBJ =  0.32195531E+00
     ITER =    3     OBJ =  0.32261879E+00
     ITER =    4     OBJ =  0.38953764E+00
     ITER =    5     OBJ =  0.40434610E+00
     ITER =    6     OBJ =  0.41662920E+00
     ITER =    7     OBJ =  0.42347367E+00
     ITER =    8     OBJ =  0.43046276E+00
     ITER =    9     OBJ =  0.45375548E+00
     ITER =   10     OBJ =  0.46136755E+00
     ITER =   11     OBJ =  0.46058125E+00
