



   ---------------------------------------------------------------------------
     START OF THE SEQUENTIAL LEAST SQUARES PROGRAMMING ALGORIT  
   ---------------------------------------------------------------------------

     PARAMETERS:
        ACC =   0.1000D-01
        MAXITER =500
        IPRINT =   1
IOUT =   6


     ITER =    1     OBJ =  0.94844649E+00
     ITER =    2     OBJ =  0.94671473E+00
     ITER =    3     OBJ =  0.75920073E+00
     ITER =    4     OBJ =  0.89375849E+00
     ITER =    5     OBJ =  0.95673297E+00
     ITER =    6     OBJ =  0.99138665E+00
     ITER =    7     OBJ =  0.99354644E+00
     ITER =    8     OBJ =  0.10187927E+01
     ITER =    9     OBJ =  0.10230370E+01
     ITER =   10     OBJ =  0.10717212E+01
     ITER =   11     OBJ =  0.12226617E+01
     ITER =   12     OBJ =  0.12225238E+01
     ITER =   13     OBJ =  0.12397433E+01
     ITER =   14     OBJ =  0.12399022E+01
     ITER =   15     OBJ =  0.12399022E+01
     ITER =   16     OBJ =  0.12510595E+01
        NUMBER OF FUNC-CALLS:  NFUNC =  76
        NUMBER OF GRAD-CALLS:  NGRAD =  17
