



   ---------------------------------------------------------------------------
     START OF THE SEQUENTIAL LEAST SQUARES PROGRAMMING ALGORIT  
   ---------------------------------------------------------------------------

     PARAMETERS:
        ACC =   0.1000D-02
        MAXITER =500
        IPRINT =   1
IOUT =   6


     ITER =    1     OBJ =  0.42635260E+00
     ITER =    2     OBJ =  0.43313327E+00
     ITER =    3     OBJ =  0.43779599E+00
     ITER =    4     OBJ =  0.51910758E+00
     ITER =    5     OBJ =  0.55222817E+00
     ITER =    6     OBJ =  0.53510518E+00
     ITER =    7     OBJ =  0.52795361E+00
     ITER =    8     OBJ =  0.51549975E+00
     ITER =    9     OBJ =  0.51341431E+00
     ITER =   10     OBJ =  0.50751754E+00
     ITER =   11     OBJ =  0.50717273E+00
     ITER =   12     OBJ =  0.50566920E+00
     ITER =   13     OBJ =  0.49896054E+00
     ITER =   14     OBJ =  0.50140530E+00
     ITER =   15     OBJ =  0.49924866E+00
        NUMBER OF FUNC-CALLS:  NFUNC =  32
        NUMBER OF GRAD-CALLS:  NGRAD =  16
