



   ---------------------------------------------------------------------------
     START OF THE SEQUENTIAL LEAST SQUARES PROGRAMMING ALGORIT  
   ---------------------------------------------------------------------------

     PARAMETERS:
        ACC =   0.1000D-02
        MAXITER =500
        IPRINT =   1
IOUT =   6


     ITER =    1     OBJ =  0.47311890E+00
     ITER =    2     OBJ =  0.54124710E+00
     ITER =    3     OBJ =  0.49501738E+00
     ITER =    4     OBJ =  0.52688931E+00
     ITER =    5     OBJ =  0.52080187E+00
     ITER =    6     OBJ =  0.59148563E+00
     ITER =    7     OBJ =  0.59690087E+00
     ITER =    8     OBJ =  0.57896742E+00
     ITER =    9     OBJ =  0.57088848E+00
     ITER =   10     OBJ =  0.56614189E+00
     ITER =   11     OBJ =  0.56442405E+00
     ITER =   12     OBJ =  0.56439041E+00
        NUMBER OF FUNC-CALLS:  NFUNC =  25
        NUMBER OF GRAD-CALLS:  NGRAD =  13
