



   ---------------------------------------------------------------------------
     START OF THE SEQUENTIAL LEAST SQUARES PROGRAMMING ALGORIT  
   ---------------------------------------------------------------------------

     PARAMETERS:
        ACC =   0.1000D-01
        MAXITER =500
        IPRINT =   1
IOUT =   6


     ITER =    1     OBJ =  0.10123026E+01
     ITER =    2     OBJ =  0.93014178E+00
     ITER =    3     OBJ =  0.95339072E+00
     ITER =    4     OBJ =  0.97974825E+00
     ITER =    5     OBJ =  0.11824108E+01
     ITER =    6     OBJ =  0.11483653E+01
     ITER =    7     OBJ =  0.11490572E+01
     ITER =    8     OBJ =  0.11468864E+01
     ITER =    9     OBJ =  0.12095191E+01
     ITER =   10     OBJ =  0.12517716E+01
     ITER =   11     OBJ =  0.12541383E+01
     ITER =   12     OBJ =  0.12689524E+01
     ITER =   13     OBJ =  0.13075194E+01
     ITER =   14     OBJ =  0.12994468E+01
     ITER =   15     OBJ =  0.12943901E+01
        NUMBER OF FUNC-CALLS:  NFUNC =  37
        NUMBER OF GRAD-CALLS:  NGRAD =  16
