



   ---------------------------------------------------------------------------
     START OF THE SEQUENTIAL LEAST SQUARES PROGRAMMING ALGORIT  
   ---------------------------------------------------------------------------

     PARAMETERS:
        ACC =   0.1000D-02
        MAXITER =500
        IPRINT =   1
IOUT =   6


     ITER =    1     OBJ =  0.64690298E+00
     ITER =    2     OBJ =  0.75694910E+00
     ITER =    3     OBJ =  0.75144322E+00
     ITER =    4     OBJ =  0.80562952E+00
     ITER =    5     OBJ =  0.81764815E+00
     ITER =    6     OBJ =  0.82554277E+00
     ITER =    7     OBJ =  0.84389778E+00
     ITER =    8     OBJ =  0.87077860E+00
     ITER =    9     OBJ =  0.87034912E+00
     ITER =   10     OBJ =  0.87119888E+00
     ITER =   11     OBJ =  0.87040691E+00
     ITER =   12     OBJ =  0.86929590E+00
     ITER =   13     OBJ =  0.86921316E+00
     ITER =   14     OBJ =  0.86921316E+00
     ITER =   15     OBJ =  0.86921316E+00
     ITER =   16     OBJ =  0.87001960E+00
        NUMBER OF FUNC-CALLS:  NFUNC =  64
        NUMBER OF GRAD-CALLS:  NGRAD =  17
