



   ---------------------------------------------------------------------------
     START OF THE SEQUENTIAL LEAST SQUARES PROGRAMMING ALGORIT  
   ---------------------------------------------------------------------------

     PARAMETERS:
        ACC =   0.1000D-02
        MAXITER =500
        IPRINT =   1
IOUT =   6


     ITER =    1     OBJ =  0.11108407E+00
     ITER =    2     OBJ =  0.95597695E-01
     ITER =    3     OBJ =  0.10868700E+00
     ITER =    4     OBJ =  0.12476605E+00
     ITER =    5     OBJ =  0.12033768E+00
     ITER =    6     OBJ =  0.11947528E+00
     ITER =    7     OBJ =  0.11931600E+00
     ITER =    8     OBJ =  0.11790305E+00
     ITER =    9     OBJ =  0.11790783E+00
     ITER =   10     OBJ =  0.11913691E+00
     ITER =   11     OBJ =  0.11836803E+00
        NUMBER OF FUNC-CALLS:  NFUNC =  27
        NUMBER OF GRAD-CALLS:  NGRAD =  12
