



   ---------------------------------------------------------------------------
     START OF THE SEQUENTIAL LEAST SQUARES PROGRAMMING ALGORIT  
   ---------------------------------------------------------------------------

     PARAMETERS:
        ACC =   0.1000D-02
        MAXITER =500
        IPRINT =   1
IOUT =   6


     ITER =    1     OBJ =  0.50778954E+00
     ITER =    2     OBJ =  0.39876997E+00
     ITER =    3     OBJ =  0.38289792E+00
     ITER =    4     OBJ =  0.44667310E+00
     ITER =    5     OBJ =  0.44294612E+00
     ITER =    6     OBJ =  0.49241517E+00
     ITER =    7     OBJ =  0.50223121E+00
     ITER =    8     OBJ =  0.50362683E+00
     ITER =    9     OBJ =  0.49991775E+00
     ITER =   10     OBJ =  0.49734617E+00
     ITER =   11     OBJ =  0.49751416E+00
     ITER =   12     OBJ =  0.49751415E+00
     ITER =   13     OBJ =  0.49806225E+00
     ITER =   14     OBJ =  0.49831606E+00
     ITER =   15     OBJ =  0.49945350E+00
        NUMBER OF FUNC-CALLS:  NFUNC =  49
        NUMBER OF GRAD-CALLS:  NGRAD =  16
