



   ---------------------------------------------------------------------------
     START OF THE SEQUENTIAL LEAST SQUARES PROGRAMMING ALGORIT  
   ---------------------------------------------------------------------------

     PARAMETERS:
        ACC =   0.1000D-01
        MAXITER =500
        IPRINT =   1
IOUT =   6


     ITER =    1     OBJ =  0.96313006E+00
     ITER =    2     OBJ =  0.97549397E+00
     ITER =    3     OBJ =  0.79235643E+00
     ITER =    4     OBJ =  0.92655791E+00
     ITER =    5     OBJ =  0.97034940E+00
     ITER =    6     OBJ =  0.99450169E+00
     ITER =    7     OBJ =  0.99874750E+00
     ITER =    8     OBJ =  0.10699499E+01
     ITER =    9     OBJ =  0.11845701E+01
     ITER =   10     OBJ =  0.12068553E+01
        NUMBER OF FUNC-CALLS:  NFUNC =  27
        NUMBER OF GRAD-CALLS:  NGRAD =  11
