



   ---------------------------------------------------------------------------
     START OF THE SEQUENTIAL LEAST SQUARES PROGRAMMING ALGORIT  
   ---------------------------------------------------------------------------

     PARAMETERS:
        ACC =   0.1000D-01
        MAXITER =500
        IPRINT =   1
IOUT =   6


     ITER =    1     OBJ =  0.48017685E+00
     ITER =    2     OBJ =  0.53653583E+00
     ITER =    3     OBJ =  0.52457526E+00
     ITER =    4     OBJ =  0.53558943E+00
     ITER =    5     OBJ =  0.55597649E+00
     ITER =    6     OBJ =  0.60438959E+00
     ITER =    7     OBJ =  0.77714131E+00
     ITER =    8     OBJ =  0.78434015E+00
     ITER =    9     OBJ =  0.86933321E+00
     ITER =   10     OBJ =  0.83850908E+00
     ITER =   11     OBJ =  0.85420364E+00
     ITER =   12     OBJ =  0.85322505E+00
     ITER =   13     OBJ =  0.85234554E+00
     ITER =   14     OBJ =  0.85131804E+00
     ITER =   15     OBJ =  0.85090518E+00
        NUMBER OF FUNC-CALLS:  NFUNC =  39
        NUMBER OF GRAD-CALLS:  NGRAD =  16
