



   ---------------------------------------------------------------------------
     START OF THE SEQUENTIAL LEAST SQUARES PROGRAMMING ALGORIT  
   ---------------------------------------------------------------------------

     PARAMETERS:
        ACC =   0.1000D-02
        MAXITER =500
        IPRINT =   1
IOUT =   6


     ITER =    1     OBJ =  0.68182040E+00
     ITER =    2     OBJ =  0.84669899E+00
     ITER =    3     OBJ =  0.82188931E+00
     ITER =    4     OBJ =  0.86483641E+00
     ITER =    5     OBJ =  0.96249805E+00
     ITER =    6     OBJ =  0.94358847E+00
     ITER =    7     OBJ =  0.94520691E+00
     ITER =    8     OBJ =  0.98002908E+00
     ITER =    9     OBJ =  0.97348613E+00
     ITER =   10     OBJ =  0.97321920E+00
     ITER =   11     OBJ =  0.97750006E+00
     ITER =   12     OBJ =  0.97773570E+00
     ITER =   13     OBJ =  0.97807437E+00
        NUMBER OF FUNC-CALLS:  NFUNC =  28
        NUMBER OF GRAD-CALLS:  NGRAD =  14
