



   ---------------------------------------------------------------------------
     START OF THE SEQUENTIAL LEAST SQUARES PROGRAMMING ALGORIT  
   ---------------------------------------------------------------------------

     PARAMETERS:
        ACC =   0.1000D-01
        MAXITER =500
        IPRINT =   1
IOUT =   6


     ITER =    1     OBJ =  0.74234356E+00
     ITER =    2     OBJ =  0.75293496E+00
     ITER =    3     OBJ =  0.61518318E+00
     ITER =    4     OBJ =  0.98874721E+00
     ITER =    5     OBJ =  0.95027831E+00
     ITER =    6     OBJ =  0.94311657E+00
     ITER =    7     OBJ =  0.97418623E+00
     ITER =    8     OBJ =  0.11416254E+01
     ITER =    9     OBJ =  0.11753854E+01
     ITER =   10     OBJ =  0.11808793E+01
     ITER =   11     OBJ =  0.12300984E+01
     ITER =   12     OBJ =  0.12342661E+01
     ITER =   13     OBJ =  0.12342668E+01
     ITER =   14     OBJ =  0.12621334E+01
