



   ---------------------------------------------------------------------------
     START OF THE SEQUENTIAL LEAST SQUARES PROGRAMMING ALGORIT  
   ---------------------------------------------------------------------------

     PARAMETERS:
        ACC =   0.1000D-01
        MAXITER =500
        IPRINT =   1
IOUT =   6


     ITER =    1     OBJ =  0.59201780E+00
     ITER =    2     OBJ =  0.59290182E+00
     ITER =    3     OBJ =  0.59721537E+00
     ITER =    4     OBJ =  0.64719121E+00
     ITER =    5     OBJ =  0.75469329E+00
     ITER =    6     OBJ =  0.74779352E+00
     ITER =    7     OBJ =  0.75837796E+00
     ITER =    8     OBJ =  0.77358301E+00
     ITER =    9     OBJ =  0.77390564E+00
     ITER =   10     OBJ =  0.77390564E+00
     ITER =   11     OBJ =  0.77157386E+00
     ITER =   12     OBJ =  0.77063278E+00
     ITER =   13     OBJ =  0.77056639E+00
     ITER =   14     OBJ =  0.78534889E+00
     ITER =   15     OBJ =  0.78665218E+00
        NUMBER OF FUNC-CALLS:  NFUNC =  55
        NUMBER OF GRAD-CALLS:  NGRAD =  16
