



   ---------------------------------------------------------------------------
     START OF THE SEQUENTIAL LEAST SQUARES PROGRAMMING ALGORIT  
   ---------------------------------------------------------------------------

     PARAMETERS:
        ACC =   0.1000D-02
        MAXITER =500
        IPRINT =   1
IOUT =   6


     ITER =    1     OBJ =  0.52518677E+00
     ITER =    2     OBJ =  0.54286365E+00
     ITER =    3     OBJ =  0.55346207E+00
     ITER =    4     OBJ =  0.71454916E+00
     ITER =    5     OBJ =  0.67931438E+00
     ITER =    6     OBJ =  0.71239463E+00
     ITER =    7     OBJ =  0.72960585E+00
     ITER =    8     OBJ =  0.72967843E+00
     ITER =    9     OBJ =  0.75854757E+00
     ITER =   10     OBJ =  0.75887710E+00
     ITER =   11     OBJ =  0.79354413E+00
