



   ---------------------------------------------------------------------------
     START OF THE SEQUENTIAL LEAST SQUARES PROGRAMMING ALGORIT  
   ---------------------------------------------------------------------------

     PARAMETERS:
        ACC =   0.1000D-02
        MAXITER =500
        IPRINT =   1
IOUT =   6


     ITER =    1     OBJ =  0.33436044E+00
     ITER =    2     OBJ =  0.30837643E+00
     ITER =    3     OBJ =  0.31871902E+00
     ITER =    4     OBJ =  0.35426391E+00
     ITER =    5     OBJ =  0.37194592E+00
     ITER =    6     OBJ =  0.37095531E+00
     ITER =    7     OBJ =  0.37395493E+00
     ITER =    8     OBJ =  0.37454131E+00
     ITER =    9     OBJ =  0.37443868E+00
     ITER =   10     OBJ =  0.37418205E+00
     ITER =   11     OBJ =  0.37412251E+00
        NUMBER OF FUNC-CALLS:  NFUNC =  25
        NUMBER OF GRAD-CALLS:  NGRAD =  12
