



   ---------------------------------------------------------------------------
     START OF THE SEQUENTIAL LEAST SQUARES PROGRAMMING ALGORIT  
   ---------------------------------------------------------------------------

     PARAMETERS:
        ACC =   0.1000D-01
        MAXITER =500
        IPRINT =   1
IOUT =   6


     ITER =    1     OBJ =  0.64458676E+00
     ITER =    2     OBJ =  0.70942476E+00
     ITER =    3     OBJ =  0.75576117E+00
     ITER =    4     OBJ =  0.73705412E+00
     ITER =    5     OBJ =  0.74524717E+00
     ITER =    6     OBJ =  0.97374411E+00
     ITER =    7     OBJ =  0.98316917E+00
     ITER =    8     OBJ =  0.99482921E+00
     ITER =    9     OBJ =  0.98947899E+00
     ITER =   10     OBJ =  0.99145031E+00
     ITER =   11     OBJ =  0.99213611E+00
     ITER =   12     OBJ =  0.99466234E+00
     ITER =   13     OBJ =  0.99609961E+00
