



   ---------------------------------------------------------------------------
     START OF THE SEQUENTIAL LEAST SQUARES PROGRAMMING ALGORIT  
   ---------------------------------------------------------------------------

     PARAMETERS:
        ACC =   0.1000D-01
        MAXITER =500
        IPRINT =   1
IOUT =   6


     ITER =    1     OBJ =  0.57515008E+00
     ITER =    2     OBJ =  0.69624205E+00
     ITER =    3     OBJ =  0.83570240E+00
     ITER =    4     OBJ =  0.85281627E+00
     ITER =    5     OBJ =  0.87979581E+00
     ITER =    6     OBJ =  0.91808712E+00
     ITER =    7     OBJ =  0.92311374E+00
     ITER =    8     OBJ =  0.89914056E+00
     ITER =    9     OBJ =  0.91835559E+00
     ITER =   10     OBJ =  0.98483430E+00
     ITER =   11     OBJ =  0.98649904E+00
     ITER =   12     OBJ =  0.10282939E+01
     ITER =   13     OBJ =  0.10223805E+01
     ITER =   14     OBJ =  0.10129464E+01
        NUMBER OF FUNC-CALLS:  NFUNC =  32
        NUMBER OF GRAD-CALLS:  NGRAD =  15
