



   ---------------------------------------------------------------------------
     START OF THE SEQUENTIAL LEAST SQUARES PROGRAMMING ALGORIT  
   ---------------------------------------------------------------------------

     PARAMETERS:
        ACC =   0.1000D-02
        MAXITER =500
        IPRINT =   1
IOUT =   6


     ITER =    1     OBJ =  0.14106581E+00
     ITER =    2     OBJ =  0.11764210E+00
     ITER =    3     OBJ =  0.96567850E-01
     ITER =    4     OBJ =  0.10022754E+00
     ITER =    5     OBJ =  0.99811443E-01
     ITER =    6     OBJ =  0.98018934E-01
     ITER =    7     OBJ =  0.97767619E-01
     ITER =    8     OBJ =  0.98174912E-01
     ITER =    9     OBJ =  0.97420173E-01
     ITER =   10     OBJ =  0.96776027E-01
     ITER =   11     OBJ =  0.96639719E-01
     ITER =   12     OBJ =  0.96151418E-01
     ITER =   13     OBJ =  0.96279545E-01
        NUMBER OF FUNC-CALLS:  NFUNC =  26
        NUMBER OF GRAD-CALLS:  NGRAD =  14
