



   ---------------------------------------------------------------------------
     START OF THE SEQUENTIAL LEAST SQUARES PROGRAMMING ALGORIT  
   ---------------------------------------------------------------------------

     PARAMETERS:
        ACC =   0.1000D-01
        MAXITER =500
        IPRINT =   1
IOUT =   6


     ITER =    1     OBJ =  0.45350456E+00
     ITER =    2     OBJ =  0.46461800E+00
     ITER =    3     OBJ =  0.46995141E+00
     ITER =    4     OBJ =  0.47615607E+00
     ITER =    5     OBJ =  0.51527075E+00
     ITER =    6     OBJ =  0.54550311E+00
     ITER =    7     OBJ =  0.58837085E+00
     ITER =    8     OBJ =  0.61051609E+00
     ITER =    9     OBJ =  0.64145448E+00
     ITER =   10     OBJ =  0.62881677E+00
     ITER =   11     OBJ =  0.61996916E+00
     ITER =   12     OBJ =  0.62155961E+00
     ITER =   13     OBJ =  0.61515474E+00
     ITER =   14     OBJ =  0.61809653E+00
        NUMBER OF FUNC-CALLS:  NFUNC =  52
        NUMBER OF GRAD-CALLS:  NGRAD =  15
