



   ---------------------------------------------------------------------------
     START OF THE SEQUENTIAL LEAST SQUARES PROGRAMMING ALGORIT  
   ---------------------------------------------------------------------------

     PARAMETERS:
        ACC =   0.1000D-02
        MAXITER =500
        IPRINT =   1
IOUT =   6


     ITER =    1     OBJ =  0.63604352E+00
     ITER =    2     OBJ =  0.64093559E+00
     ITER =    3     OBJ =  0.93885374E+00
     ITER =    4     OBJ =  0.93636234E+00
     ITER =    5     OBJ =  0.98247966E+00
     ITER =    6     OBJ =  0.94648886E+00
     ITER =    7     OBJ =  0.93481505E+00
     ITER =    8     OBJ =  0.93995359E+00
     ITER =    9     OBJ =  0.94314150E+00
     ITER =   10     OBJ =  0.94165376E+00
     ITER =   11     OBJ =  0.94162965E+00
     ITER =   12     OBJ =  0.94162965E+00
     ITER =   13     OBJ =  0.94162965E+00
     ITER =   14     OBJ =  0.94162965E+00
     ITER =   15     OBJ =  0.94162965E+00
        NUMBER OF FUNC-CALLS:  NFUNC =  79
        NUMBER OF GRAD-CALLS:  NGRAD =  16
