



   ---------------------------------------------------------------------------
     START OF THE SEQUENTIAL LEAST SQUARES PROGRAMMING ALGORIT  
   ---------------------------------------------------------------------------

     PARAMETERS:
        ACC =   0.1000D-02
        MAXITER =500
        IPRINT =   1
IOUT =   6


     ITER =    1     OBJ =  0.65674830E+00
     ITER =    2     OBJ =  0.67638819E+00
     ITER =    3     OBJ =  0.67871278E+00
     ITER =    4     OBJ =  0.77036071E+00
     ITER =    5     OBJ =  0.90197758E+00
     ITER =    6     OBJ =  0.94861858E+00
     ITER =    7     OBJ =  0.94409190E+00
     ITER =    8     OBJ =  0.94555106E+00
     ITER =    9     OBJ =  0.94166269E+00
     ITER =   10     OBJ =  0.94256108E+00
        NUMBER OF FUNC-CALLS:  NFUNC =  27
        NUMBER OF GRAD-CALLS:  NGRAD =  11
