



   ---------------------------------------------------------------------------
     START OF THE SEQUENTIAL LEAST SQUARES PROGRAMMING ALGORIT  
   ---------------------------------------------------------------------------

     PARAMETERS:
        ACC =   0.1000D-02
        MAXITER =500
        IPRINT =   1
IOUT =   6


     ITER =    1     OBJ =  0.44334078E+00
     ITER =    2     OBJ =  0.39444304E+00
     ITER =    3     OBJ =  0.41321760E+00
     ITER =    4     OBJ =  0.43488608E+00
     ITER =    5     OBJ =  0.42876109E+00
     ITER =    6     OBJ =  0.41251285E+00
     ITER =    7     OBJ =  0.38729118E+00
     ITER =    8     OBJ =  0.37746323E+00
     ITER =    9     OBJ =  0.41637938E+00
     ITER =   10     OBJ =  0.41673503E+00
     ITER =   11     OBJ =  0.41804457E+00
     ITER =   12     OBJ =  0.41951692E+00
     ITER =   13     OBJ =  0.41946858E+00
        NUMBER OF FUNC-CALLS:  NFUNC =  28
        NUMBER OF GRAD-CALLS:  NGRAD =  14
