



   ---------------------------------------------------------------------------
     START OF THE SEQUENTIAL LEAST SQUARES PROGRAMMING ALGORIT  
   ---------------------------------------------------------------------------

     PARAMETERS:
        ACC =   0.1000D-02
        MAXITER =500
        IPRINT =   1
IOUT =   6


     ITER =    1     OBJ =  0.16210124E+01
     ITER =    2     OBJ =  0.15597437E+01
     ITER =    3     OBJ =  0.15798282E+01
     ITER =    4     OBJ =  0.15568790E+01
     ITER =    5     OBJ =  0.15777757E+01
     ITER =    6     OBJ =  0.15858174E+01
     ITER =    7     OBJ =  0.15946637E+01
     ITER =    8     OBJ =  0.15960274E+01
     ITER =    9     OBJ =  0.15940185E+01
     ITER =   10     OBJ =  0.15903325E+01
     ITER =   11     OBJ =  0.15857872E+01
     ITER =   12     OBJ =  0.15842021E+01
     ITER =   13     OBJ =  0.15821472E+01
     ITER =   14     OBJ =  0.15803543E+01
     ITER =   15     OBJ =  0.15808115E+01
     ITER =   16     OBJ =  0.15826477E+01
        NUMBER OF FUNC-CALLS:  NFUNC =  41
        NUMBER OF GRAD-CALLS:  NGRAD =  17
