



   ---------------------------------------------------------------------------
     START OF THE SEQUENTIAL LEAST SQUARES PROGRAMMING ALGORIT  
   ---------------------------------------------------------------------------

     PARAMETERS:
        ACC =   0.1000D-01
        MAXITER =500
        IPRINT =   1
IOUT =   6


     ITER =    1     OBJ =  0.11536657E+01
     ITER =    2     OBJ =  0.11630707E+01
     ITER =    3     OBJ =  0.12977033E+01
     ITER =    4     OBJ =  0.15236374E+01
     ITER =    5     OBJ =  0.17088857E+01
     ITER =    6     OBJ =  0.21503474E+01
     ITER =    7     OBJ =  0.22341335E+01
     ITER =    8     OBJ =  0.22123788E+01
     ITER =    9     OBJ =  0.22268371E+01
     ITER =   10     OBJ =  0.22048010E+01
     ITER =   11     OBJ =  0.22214297E+01
     ITER =   12     OBJ =  0.22172969E+01
     ITER =   13     OBJ =  0.22180843E+01
     ITER =   14     OBJ =  0.22180481E+01
        NUMBER OF FUNC-CALLS:  NFUNC =  42
        NUMBER OF GRAD-CALLS:  NGRAD =  15
