



   ---------------------------------------------------------------------------
     START OF THE SEQUENTIAL LEAST SQUARES PROGRAMMING ALGORIT  
   ---------------------------------------------------------------------------

     PARAMETERS:
        ACC =   0.1000D-04
        MAXITER =500
        IPRINT =   1
IOUT =   6


     ITER =    1     OBJ =  0.35246682E+00
     ITER =    2     OBJ =  0.33270774E+00
     ITER =    3     OBJ =  0.27163630E+00
     ITER =    5     OBJ =  0.26815406E+00
     ITER =    6     OBJ =  0.28129701E+00
     ITER =    7     OBJ =  0.27988485E+00
     ITER =    8     OBJ =  0.28584046E+00
     ITER =    9     OBJ =  0.28639894E+00
     ITER =   10     OBJ =  0.30829039E+00
     ITER =   11     OBJ =  0.30722273E+00
     ITER =   12     OBJ =  0.29521603E+00
     ITER =   13     OBJ =  0.29443170E+00
     ITER =   14     OBJ =  0.30554097E+00
     ITER =   15     OBJ =  0.30738175E+00
