



   ---------------------------------------------------------------------------
     START OF THE SEQUENTIAL LEAST SQUARES PROGRAMMING ALGORIT  
   ---------------------------------------------------------------------------

     PARAMETERS:
        ACC =   0.1000D-02
        MAXITER =500
        IPRINT =   1
IOUT =   6


     ITER =    1     OBJ =  0.18604127E+00
     ITER =    2     OBJ =  0.16852649E+00
     ITER =    3     OBJ =  0.14814739E+00
     ITER =    4     OBJ =  0.14849892E+00
     ITER =    5     OBJ =  0.14713258E+00
     ITER =    6     OBJ =  0.14443041E+00
     ITER =    7     OBJ =  0.14498699E+00
     ITER =    8     OBJ =  0.14470958E+00
     ITER =    9     OBJ =  0.14407314E+00
     ITER =   10     OBJ =  0.14371144E+00
     ITER =   11     OBJ =  0.14322219E+00
     ITER =   12     OBJ =  0.14145781E+00
     ITER =   13     OBJ =  0.14062059E+00
     ITER =   14     OBJ =  0.14204233E+00
     ITER =   15     OBJ =  0.14201111E+00
        NUMBER OF FUNC-CALLS:  NFUNC =  28
        NUMBER OF GRAD-CALLS:  NGRAD =  16
