



   ---------------------------------------------------------------------------
     START OF THE SEQUENTIAL LEAST SQUARES PROGRAMMING ALGORIT  
   ---------------------------------------------------------------------------

     PARAMETERS:
        ACC =   0.1000D-01
        MAXITER =500
        IPRINT =   1
IOUT =   6


     ITER =    1     OBJ =  0.76088965E+00
     ITER =    2     OBJ =  0.85572025E+00
     ITER =    3     OBJ =  0.98964516E+00
     ITER =    4     OBJ =  0.10559869E+01
     ITER =    5     OBJ =  0.10677860E+01
     ITER =    6     OBJ =  0.11097258E+01
     ITER =    7     OBJ =  0.11763902E+01
     ITER =    8     OBJ =  0.12569482E+01
     ITER =    9     OBJ =  0.14369342E+01
     ITER =   10     OBJ =  0.14666655E+01
     ITER =   11     OBJ =  0.14441662E+01
        NUMBER OF FUNC-CALLS:  NFUNC =  28
        NUMBER OF GRAD-CALLS:  NGRAD =  12
