



   ---------------------------------------------------------------------------
     START OF THE SEQUENTIAL LEAST SQUARES PROGRAMMING ALGORIT  
   ---------------------------------------------------------------------------

     PARAMETERS:
        ACC =   0.1000D-02
        MAXITER =500
        IPRINT =   1
IOUT =   6


     ITER =    1     OBJ =  0.87371007E+00
     ITER =    2     OBJ =  0.83478870E+00
     ITER =    3     OBJ =  0.82081065E+00
     ITER =    4     OBJ =  0.82805079E+00
     ITER =    5     OBJ =  0.82515994E+00
     ITER =    6     OBJ =  0.92456975E+00
     ITER =    7     OBJ =  0.95199112E+00
     ITER =    8     OBJ =  0.94750128E+00
     ITER =    9     OBJ =  0.94686122E+00
     ITER =   10     OBJ =  0.94237515E+00
     ITER =   11     OBJ =  0.94294870E+00
     ITER =   12     OBJ =  0.94326968E+00
     ITER =   13     OBJ =  0.94178070E+00
     ITER =   14     OBJ =  0.94267703E+00
        NUMBER OF FUNC-CALLS:  NFUNC =  42
        NUMBER OF GRAD-CALLS:  NGRAD =  15
