



   ---------------------------------------------------------------------------
     START OF THE SEQUENTIAL LEAST SQUARES PROGRAMMING ALGORIT  
   ---------------------------------------------------------------------------

     PARAMETERS:
        ACC =   0.1000D-02
        MAXITER =500
        IPRINT =   1
IOUT =   6


     ITER =    1     OBJ =  0.39435646E+00
     ITER =    2     OBJ =  0.41406918E+00
     ITER =    3     OBJ =  0.42267279E+00
     ITER =    4     OBJ =  0.42892266E+00
     ITER =    5     OBJ =  0.42947171E+00
     ITER =    6     OBJ =  0.43103714E+00
     ITER =    7     OBJ =  0.42817913E+00
     ITER =    8     OBJ =  0.42639993E+00
     ITER =    9     OBJ =  0.42684222E+00
     ITER =   10     OBJ =  0.42853483E+00
     ITER =   11     OBJ =  0.42783407E+00
     ITER =   12     OBJ =  0.42742774E+00
        NUMBER OF FUNC-CALLS:  NFUNC =  35
        NUMBER OF GRAD-CALLS:  NGRAD =  13
