



   ---------------------------------------------------------------------------
     START OF THE SEQUENTIAL LEAST SQUARES PROGRAMMING ALGORIT  
   ---------------------------------------------------------------------------

     PARAMETERS:
        ACC =   0.1000D-01
        MAXITER =500
        IPRINT =   1
IOUT =   6


     ITER =    1     OBJ =  0.82044041E+00
     ITER =    2     OBJ =  0.87411193E+00
     ITER =    3     OBJ =  0.86097922E+00
     ITER =    4     OBJ =  0.89907621E+00
     ITER =    5     OBJ =  0.90227779E+00
     ITER =    6     OBJ =  0.98519289E+00
     ITER =    7     OBJ =  0.10781290E+01
     ITER =    8     OBJ =  0.11215727E+01
     ITER =    9     OBJ =  0.11663232E+01
     ITER =   10     OBJ =  0.11892686E+01
     ITER =   11     OBJ =  0.12660587E+01
     ITER =   12     OBJ =  0.12744017E+01
     ITER =   13     OBJ =  0.12704757E+01
        NUMBER OF FUNC-CALLS:  NFUNC =  25
        NUMBER OF GRAD-CALLS:  NGRAD =  14
