



   ---------------------------------------------------------------------------
     START OF THE SEQUENTIAL LEAST SQUARES PROGRAMMING ALGORIT  
   ---------------------------------------------------------------------------

     PARAMETERS:
        ACC =   0.1000D-02
        MAXITER =500
        IPRINT =   1
IOUT =   6


     ITER =    1     OBJ =  0.51248150E+00
     ITER =    2     OBJ =  0.51653358E+00
     ITER =    3     OBJ =  0.77812092E+00
     ITER =    4     OBJ =  0.79025531E+00
     ITER =    5     OBJ =  0.85567451E+00
     ITER =    6     OBJ =  0.71731336E+00
     ITER =    7     OBJ =  0.73508089E+00
     ITER =    8     OBJ =  0.74716130E+00
     ITER =    9     OBJ =  0.75061301E+00
     ITER =   10     OBJ =  0.75093560E+00
     ITER =   11     OBJ =  0.75093560E+00
     ITER =   12     OBJ =  0.75093560E+00
     ITER =   13     OBJ =  0.75219597E+00
     ITER =   14     OBJ =  0.75219831E+00
        NUMBER OF FUNC-CALLS:  NFUNC =  66
        NUMBER OF GRAD-CALLS:  NGRAD =  15
