



   ---------------------------------------------------------------------------
     START OF THE SEQUENTIAL LEAST SQUARES PROGRAMMING ALGORIT  
   ---------------------------------------------------------------------------

     PARAMETERS:
        ACC =   0.1000D-01
        MAXITER =500
        IPRINT =   1
IOUT =   6


     ITER =    1     OBJ =  0.11220330E+01
     ITER =    2     OBJ =  0.11480000E+01
     ITER =    3     OBJ =  0.10435514E+01
     ITER =    4     OBJ =  0.10726142E+01
     ITER =    5     OBJ =  0.11689083E+01
     ITER =    6     OBJ =  0.11723742E+01
     ITER =    7     OBJ =  0.13511984E+01
     ITER =    8     OBJ =  0.14564360E+01
     ITER =    9     OBJ =  0.14630298E+01
     ITER =   10     OBJ =  0.15586312E+01
     ITER =   11     OBJ =  0.18186503E+01
     ITER =   12     OBJ =  0.18460046E+01
     ITER =   13     OBJ =  0.18269887E+01
     ITER =   14     OBJ =  0.18269481E+01
     ITER =   15     OBJ =  0.18283880E+01
        NUMBER OF FUNC-CALLS:  NFUNC =  54
        NUMBER OF GRAD-CALLS:  NGRAD =  16
