



   ---------------------------------------------------------------------------
     START OF THE SEQUENTIAL LEAST SQUARES PROGRAMMING ALGORIT  
   ---------------------------------------------------------------------------

     PARAMETERS:
        ACC =   0.1000D-01
        MAXITER =500
        IPRINT =   1
IOUT =   6


     ITER =    1     OBJ =  0.63236020E+00
     ITER =    2     OBJ =  0.70465981E+00
     ITER =    3     OBJ =  0.73124842E+00
     ITER =    4     OBJ =  0.81501170E+00
     ITER =    5     OBJ =  0.81758386E+00
     ITER =    6     OBJ =  0.85443286E+00
     ITER =    7     OBJ =  0.11090961E+01
     ITER =    8     OBJ =  0.11611100E+01
     ITER =    9     OBJ =  0.11516978E+01
     ITER =   10     OBJ =  0.11460158E+01
        NUMBER OF FUNC-CALLS:  NFUNC =  26
        NUMBER OF GRAD-CALLS:  NGRAD =  11
