



   ---------------------------------------------------------------------------
     START OF THE SEQUENTIAL LEAST SQUARES PROGRAMMING ALGORIT  
   ---------------------------------------------------------------------------

     PARAMETERS:
        ACC =   0.1000D-02
        MAXITER =500
        IPRINT =   1
IOUT =   6


     ITER =    1     OBJ =  0.17681923E+00
     ITER =    2     OBJ =  0.20491069E+00
     ITER =    3     OBJ =  0.22508921E+00
     ITER =    4     OBJ =  0.22066563E+00
     ITER =    5     OBJ =  0.23637561E+00
     ITER =    6     OBJ =  0.23436623E+00
     ITER =    7     OBJ =  0.24189768E+00
     ITER =    8     OBJ =  0.23991633E+00
     ITER =    9     OBJ =  0.23811976E+00
     ITER =   10     OBJ =  0.23707836E+00
     ITER =   11     OBJ =  0.23616803E+00
     ITER =   12     OBJ =  0.23604819E+00
        NUMBER OF FUNC-CALLS:  NFUNC =  26
        NUMBER OF GRAD-CALLS:  NGRAD =  13
