



   ---------------------------------------------------------------------------
     START OF THE SEQUENTIAL LEAST SQUARES PROGRAMMING ALGORIT  
   ---------------------------------------------------------------------------

     PARAMETERS:
        ACC =   0.1000D-01
        MAXITER =500
        IPRINT =   1
IOUT =   6


     ITER =    1     OBJ =  0.56586932E+00
     ITER =    2     OBJ =  0.63888672E+00
     ITER =    3     OBJ =  0.67041091E+00
     ITER =    4     OBJ =  0.73405541E+00
     ITER =    5     OBJ =  0.80485295E+00
     ITER =    6     OBJ =  0.83994301E+00
     ITER =    7     OBJ =  0.84116908E+00
     ITER =    8     OBJ =  0.87541714E+00
     ITER =    9     OBJ =  0.99150281E+00
     ITER =   10     OBJ =  0.98438904E+00
     ITER =   11     OBJ =  0.98861418E+00
     ITER =   12     OBJ =  0.98967205E+00
     ITER =   13     OBJ =  0.98454529E+00
     ITER =   14     OBJ =  0.98867739E+00
        NUMBER OF FUNC-CALLS:  NFUNC =  52
        NUMBER OF GRAD-CALLS:  NGRAD =  15
