



   ---------------------------------------------------------------------------
     START OF THE SEQUENTIAL LEAST SQUARES PROGRAMMING ALGORIT  
   ---------------------------------------------------------------------------

     PARAMETERS:
        ACC =   0.1000D-02
        MAXITER =500
        IPRINT =   1
IOUT =   6


     ITER =    1     OBJ =  0.14826228E+01
     ITER =    2     OBJ =  0.14457657E+01
     ITER =    3     OBJ =  0.14514092E+01
     ITER =    4     OBJ =  0.16235631E+01
     ITER =    5     OBJ =  0.16350863E+01
     ITER =    6     OBJ =  0.16584873E+01
     ITER =    7     OBJ =  0.16682168E+01
     ITER =    8     OBJ =  0.16593405E+01
     ITER =    9     OBJ =  0.16609263E+01
     ITER =   10     OBJ =  0.16566193E+01
     ITER =   11     OBJ =  0.16576717E+01
     ITER =   12     OBJ =  0.16601178E+01
     ITER =   13     OBJ =  0.16595165E+01
     ITER =   14     OBJ =  0.16579024E+01
        NUMBER OF FUNC-CALLS:  NFUNC =  68
        NUMBER OF GRAD-CALLS:  NGRAD =  15
