



   ---------------------------------------------------------------------------
     START OF THE SEQUENTIAL LEAST SQUARES PROGRAMMING ALGORIT  
   ---------------------------------------------------------------------------

     PARAMETERS:
        ACC =   0.1000D+00
        MAXITER =500
        IPRINT =   1
IOUT =   6


     ITER =    1     OBJ =  0.80592905E+00
     ITER =    2     OBJ =  0.10438730E+01
     ITER =    3     OBJ =  0.10283783E+01
     ITER =    4     OBJ =  0.10100662E+01
     ITER =    5     OBJ =  0.10062685E+01
     ITER =    6     OBJ =  0.10062767E+01
     ITER =    7     OBJ =  0.10392510E+01
     ITER =    8     OBJ =  0.10370982E+01
     ITER =    9     OBJ =  0.11691147E+01
     ITER =   10     OBJ =  0.11291728E+01
     ITER =   11     OBJ =  0.11321878E+01
     ITER =   12     OBJ =  0.11431425E+01
        NUMBER OF FUNC-CALLS:  NFUNC =  58
        NUMBER OF GRAD-CALLS:  NGRAD =  13
