



   ---------------------------------------------------------------------------
     START OF THE SEQUENTIAL LEAST SQUARES PROGRAMMING ALGORIT  
   ---------------------------------------------------------------------------

     PARAMETERS:
        ACC =   0.1000D-01
        MAXITER =500
        IPRINT =   1
IOUT =   6


     ITER =    1     OBJ =  0.14893407E+01
     ITER =    2     OBJ =  0.13884818E+01
     ITER =    3     OBJ =  0.12349010E+01
     ITER =    4     OBJ =  0.14524809E+01
     ITER =    5     OBJ =  0.14996931E+01
     ITER =    6     OBJ =  0.15090090E+01
     ITER =    7     OBJ =  0.15282050E+01
     ITER =    8     OBJ =  0.16389805E+01
     ITER =    9     OBJ =  0.17598507E+01
     ITER =   10     OBJ =  0.18845239E+01
     ITER =   11     OBJ =  0.20473231E+01
     ITER =   12     OBJ =  0.20367553E+01
     ITER =   13     OBJ =  0.20251932E+01
     ITER =   14     OBJ =  0.20265881E+01
        NUMBER OF FUNC-CALLS:  NFUNC =  33
        NUMBER OF GRAD-CALLS:  NGRAD =  15
