



   ---------------------------------------------------------------------------
     START OF THE SEQUENTIAL LEAST SQUARES PROGRAMMING ALGORIT  
   ---------------------------------------------------------------------------

     PARAMETERS:
        ACC =   0.1000D-02
        MAXITER =500
        IPRINT =   1
IOUT =   6


     ITER =    1     OBJ =  0.39514676E+00
     ITER =    2     OBJ =  0.45133145E+00
     ITER =    3     OBJ =  0.39235442E+00
     ITER =    4     OBJ =  0.39311988E+00
     ITER =    5     OBJ =  0.48513460E+00
     ITER =    6     OBJ =  0.49129532E+00
     ITER =    7     OBJ =  0.47482593E+00
     ITER =    8     OBJ =  0.47327290E+00
     ITER =    9     OBJ =  0.47278820E+00
     ITER =   10     OBJ =  0.47289334E+00
        NUMBER OF FUNC-CALLS:  NFUNC =  23
        NUMBER OF GRAD-CALLS:  NGRAD =  11
