



   ---------------------------------------------------------------------------
     START OF THE SEQUENTIAL LEAST SQUARES PROGRAMMING ALGORIT  
   ---------------------------------------------------------------------------

     PARAMETERS:
        ACC =   0.1000D-03
        MAXITER =500
        IPRINT =   1
IOUT =   6


     ITER =    1     OBJ =  0.11063037E+01
     ITER =    2     OBJ =  0.10629586E+01
     ITER =    3     OBJ =  0.81712095E+00
     ITER =    4     OBJ =  0.58604747E+00
     ITER =    5     OBJ =  0.58947551E+00
     ITER =    6     OBJ =  0.60994323E+00
     ITER =    7     OBJ =  0.61032561E+00
     ITER =    8     OBJ =  0.69345395E+00
     ITER =    9     OBJ =  0.69557139E+00
     ITER =   10     OBJ =  0.76162845E+00
     ITER =   11     OBJ =  0.77184675E+00
     ITER =   12     OBJ =  0.85693210E+00
     ITER =   13     OBJ =  0.86488701E+00
     ITER =   14     OBJ =  0.86957303E+00
