



   ---------------------------------------------------------------------------
     START OF THE SEQUENTIAL LEAST SQUARES PROGRAMMING ALGORIT  
   ---------------------------------------------------------------------------

     PARAMETERS:
        ACC =   0.1000D-01
        MAXITER =500
        IPRINT =   1
IOUT =   6


     ITER =    1     OBJ =  0.25032157E+01
     ITER =    2     OBJ =  0.22904152E+01
     ITER =    3     OBJ =  0.21632884E+01
     ITER =    4     OBJ =  0.22048991E+01
     ITER =    5     OBJ =  0.21750590E+01
     ITER =    6     OBJ =  0.21888222E+01
     ITER =    7     OBJ =  0.22026965E+01
     ITER =    8     OBJ =  0.21899034E+01
     ITER =    9     OBJ =  0.22138740E+01
     ITER =   10     OBJ =  0.22692347E+01
     ITER =   11     OBJ =  0.22770212E+01
     ITER =   12     OBJ =  0.22895519E+01
     ITER =   13     OBJ =  0.22830204E+01
        NUMBER OF FUNC-CALLS:  NFUNC =  53
        NUMBER OF GRAD-CALLS:  NGRAD =  14
