



   ---------------------------------------------------------------------------
     START OF THE SEQUENTIAL LEAST SQUARES PROGRAMMING ALGORIT  
   ---------------------------------------------------------------------------

     PARAMETERS:
        ACC =   0.1000D-01
        MAXITER =500
        IPRINT =   1
IOUT =   6


     ITER =    1     OBJ =  0.55921361E+00
     ITER =    2     OBJ =  0.40592334E+00
     ITER =    3     OBJ =  0.43371469E+00
     ITER =    4     OBJ =  0.47997125E+00
     ITER =    5     OBJ =  0.54092010E+00
     ITER =    6     OBJ =  0.66192941E+00
     ITER =    7     OBJ =  0.65860978E+00
     ITER =    8     OBJ =  0.65012495E+00
     ITER =    9     OBJ =  0.65584757E+00
     ITER =   10     OBJ =  0.66955490E+00
     ITER =   11     OBJ =  0.67099066E+00
     ITER =   12     OBJ =  0.69566342E+00
     ITER =   13     OBJ =  0.69538192E+00
        NUMBER OF FUNC-CALLS:  NFUNC =  34
        NUMBER OF GRAD-CALLS:  NGRAD =  14
