



   ---------------------------------------------------------------------------
     START OF THE SEQUENTIAL LEAST SQUARES PROGRAMMING ALGORIT  
   ---------------------------------------------------------------------------

     PARAMETERS:
        ACC =   0.1000D-01
        MAXITER =500
        IPRINT =   1
IOUT =   6


     ITER =    1     OBJ =  0.51338118E+00
     ITER =    2     OBJ =  0.55089383E+00
     ITER =    3     OBJ =  0.55321344E+00
     ITER =    4     OBJ =  0.63604956E+00
     ITER =    5     OBJ =  0.66936773E+00
     ITER =    6     OBJ =  0.83078764E+00
     ITER =    7     OBJ =  0.86257140E+00
     ITER =    8     OBJ =  0.85580253E+00
     ITER =    9     OBJ =  0.85426690E+00
     ITER =   10     OBJ =  0.85317187E+00
     ITER =   11     OBJ =  0.84908780E+00
     ITER =   12     OBJ =  0.84439799E+00
        NUMBER OF FUNC-CALLS:  NFUNC =  26
        NUMBER OF GRAD-CALLS:  NGRAD =  13
