



   ---------------------------------------------------------------------------
     START OF THE SEQUENTIAL LEAST SQUARES PROGRAMMING ALGORIT  
   ---------------------------------------------------------------------------

     PARAMETERS:
        ACC =   0.1000D-02
        MAXITER =500
        IPRINT =   1
IOUT =   6


     ITER =    1     OBJ =  0.62641532E+00
     ITER =    2     OBJ =  0.77140932E+00
     ITER =    3     OBJ =  0.75541780E+00
     ITER =    4     OBJ =  0.77534978E+00
     ITER =    5     OBJ =  0.88348128E+00
     ITER =    6     OBJ =  0.84866210E+00
     ITER =    7     OBJ =  0.84917825E+00
     ITER =    8     OBJ =  0.86989257E+00
     ITER =    9     OBJ =  0.86811725E+00
     ITER =   10     OBJ =  0.86788288E+00
     ITER =   11     OBJ =  0.87083151E+00
        NUMBER OF FUNC-CALLS:  NFUNC =  26
        NUMBER OF GRAD-CALLS:  NGRAD =  12
