



   ---------------------------------------------------------------------------
     START OF THE SEQUENTIAL LEAST SQUARES PROGRAMMING ALGORIT  
   ---------------------------------------------------------------------------

     PARAMETERS:
        ACC =   0.1000D-01
        MAXITER =500
        IPRINT =   1
IOUT =   6


     ITER =    1     OBJ =  0.65523960E+00
     ITER =    2     OBJ =  0.65489143E+00
     ITER =    3     OBJ =  0.63836657E+00
     ITER =    4     OBJ =  0.77959865E+00
     ITER =    5     OBJ =  0.93931526E+00
     ITER =    6     OBJ =  0.93503709E+00
     ITER =    7     OBJ =  0.92623064E+00
     ITER =    8     OBJ =  0.92245033E+00
     ITER =    9     OBJ =  0.10006306E+01
     ITER =   10     OBJ =  0.10016585E+01
     ITER =   11     OBJ =  0.10004833E+01
     ITER =   12     OBJ =  0.99552502E+00
     ITER =   13     OBJ =  0.99727785E+00
     ITER =   14     OBJ =  0.99719601E+00
     ITER =   15     OBJ =  0.99382680E+00
        NUMBER OF FUNC-CALLS:  NFUNC =  52
        NUMBER OF GRAD-CALLS:  NGRAD =  16
