



   ---------------------------------------------------------------------------
     START OF THE SEQUENTIAL LEAST SQUARES PROGRAMMING ALGORIT  
   ---------------------------------------------------------------------------

     PARAMETERS:
        ACC =   0.1000D-02
        MAXITER =500
        IPRINT =   1
IOUT =   6


     ITER =    1     OBJ =  0.64293322E+00
     ITER =    2     OBJ =  0.73447381E+00
     ITER =    3     OBJ =  0.76714209E+00
     ITER =    4     OBJ =  0.79407811E+00
     ITER =    5     OBJ =  0.82674854E+00
     ITER =    6     OBJ =  0.88496009E+00
     ITER =    7     OBJ =  0.90459311E+00
     ITER =    8     OBJ =  0.90750763E+00
     ITER =    9     OBJ =  0.95105646E+00
     ITER =   10     OBJ =  0.95045600E+00
     ITER =   11     OBJ =  0.95045600E+00
     ITER =   12     OBJ =  0.95045600E+00
     ITER =   13     OBJ =  0.11612000E+01
     ITER =   14     OBJ =  0.11736560E+01
     ITER =   15     OBJ =  0.11823098E+01
