



   ---------------------------------------------------------------------------
     START OF THE SEQUENTIAL LEAST SQUARES PROGRAMMING ALGORIT  
   ---------------------------------------------------------------------------

     PARAMETERS:
        ACC =   0.1000D-02
        MAXITER =500
        IPRINT =   1
IOUT =   6


     ITER =    1     OBJ =  0.67743643E+00
     ITER =    2     OBJ =  0.70309784E+00
     ITER =    3     OBJ =  0.69554417E+00
     ITER =    4     OBJ =  0.72458013E+00
     ITER =    5     OBJ =  0.73552498E+00
     ITER =    6     OBJ =  0.72621801E+00
     ITER =    7     OBJ =  0.71829791E+00
     ITER =    8     OBJ =  0.71937562E+00
     ITER =    9     OBJ =  0.72381768E+00
     ITER =   10     OBJ =  0.72353471E+00
     ITER =   11     OBJ =  0.72363874E+00
     ITER =   12     OBJ =  0.72363874E+00
     ITER =   13     OBJ =  0.72363874E+00
     ITER =   14     OBJ =  0.72363874E+00
        NUMBER OF FUNC-CALLS:  NFUNC =  69
        NUMBER OF GRAD-CALLS:  NGRAD =  15
