



   ---------------------------------------------------------------------------
     START OF THE SEQUENTIAL LEAST SQUARES PROGRAMMING ALGORIT  
   ---------------------------------------------------------------------------

     PARAMETERS:
        ACC =   0.1000D-02
        MAXITER =500
        IPRINT =   1
IOUT =   6


     ITER =    1     OBJ =  0.31902675E+00
     ITER =    2     OBJ =  0.31300011E+00
     ITER =    3     OBJ =  0.31805986E+00
     ITER =    4     OBJ =  0.32556407E+00
     ITER =    5     OBJ =  0.33654295E+00
     ITER =    6     OBJ =  0.33525316E+00
     ITER =    7     OBJ =  0.33409991E+00
     ITER =    8     OBJ =  0.34456632E+00
     ITER =    9     OBJ =  0.34494044E+00
     ITER =   10     OBJ =  0.34421462E+00
        NUMBER OF FUNC-CALLS:  NFUNC =  14
        NUMBER OF GRAD-CALLS:  NGRAD =  11
