



   ---------------------------------------------------------------------------
     START OF THE SEQUENTIAL LEAST SQUARES PROGRAMMING ALGORIT  
   ---------------------------------------------------------------------------

     PARAMETERS:
        ACC =   0.1000D-01
        MAXITER =500
        IPRINT =   1
IOUT =   6


     ITER =    1     OBJ =  0.18617076E+01
     ITER =    2     OBJ =  0.18448022E+01
     ITER =    3     OBJ =  0.17778075E+01
     ITER =    4     OBJ =  0.18670963E+01
     ITER =    5     OBJ =  0.18532629E+01
     ITER =    6     OBJ =  0.19128768E+01
     ITER =    7     OBJ =  0.19101778E+01
     ITER =    8     OBJ =  0.19083382E+01
     ITER =    9     OBJ =  0.19072906E+01
     ITER =   10     OBJ =  0.19074088E+01
     ITER =   11     OBJ =  0.19074088E+01
        NUMBER OF FUNC-CALLS:  NFUNC =  41
        NUMBER OF GRAD-CALLS:  NGRAD =  12
