



   ---------------------------------------------------------------------------
     START OF THE SEQUENTIAL LEAST SQUARES PROGRAMMING ALGORIT  
   ---------------------------------------------------------------------------

     PARAMETERS:
        ACC =   0.1000D-01
        MAXITER =500
        IPRINT =   1
IOUT =   6


     ITER =    1     OBJ =  0.64384624E+00
     ITER =    2     OBJ =  0.69808330E+00
     ITER =    3     OBJ =  0.72334691E+00
     ITER =    4     OBJ =  0.75217829E+00
     ITER =    5     OBJ =  0.75783318E+00
     ITER =    6     OBJ =  0.77568051E+00
     ITER =    7     OBJ =  0.97156408E+00
     ITER =    8     OBJ =  0.89612008E+00
     ITER =    9     OBJ =  0.93170139E+00
     ITER =   10     OBJ =  0.10195397E+01
     ITER =   11     OBJ =  0.10129324E+01
     ITER =   12     OBJ =  0.10013008E+01
     ITER =   13     OBJ =  0.98860040E+00
     ITER =   14     OBJ =  0.98749852E+00
        NUMBER OF FUNC-CALLS:  NFUNC =  33
        NUMBER OF GRAD-CALLS:  NGRAD =  15
