



   ---------------------------------------------------------------------------
     START OF THE SEQUENTIAL LEAST SQUARES PROGRAMMING ALGORIT  
   ---------------------------------------------------------------------------

     PARAMETERS:
        ACC =   0.1000D-02
        MAXITER =500
        IPRINT =   1
IOUT =   6


     ITER =    1     OBJ =  0.83636019E+00
     ITER =    2     OBJ =  0.76793458E+00
     ITER =    3     OBJ =  0.76206872E+00
     ITER =    4     OBJ =  0.76421873E+00
     ITER =    5     OBJ =  0.79321645E+00
     ITER =    6     OBJ =  0.90154669E+00
     ITER =    7     OBJ =  0.88231353E+00
     ITER =    8     OBJ =  0.91396102E+00
     ITER =    9     OBJ =  0.91658498E+00
     ITER =   10     OBJ =  0.90641765E+00
     ITER =   11     OBJ =  0.90869322E+00
     ITER =   12     OBJ =  0.90978858E+00
     ITER =   13     OBJ =  0.91080152E+00
     ITER =   14     OBJ =  0.91373099E+00
     ITER =   15     OBJ =  0.91245168E+00
     ITER =   16     OBJ =  0.91251968E+00
        NUMBER OF FUNC-CALLS:  NFUNC =  58
        NUMBER OF GRAD-CALLS:  NGRAD =  17
