



   ---------------------------------------------------------------------------
     START OF THE SEQUENTIAL LEAST SQUARES PROGRAMMING ALGORIT  
   ---------------------------------------------------------------------------

     PARAMETERS:
        ACC =   0.1000D-02
        MAXITER =500
        IPRINT =   1
IOUT =   6


     ITER =    1     OBJ =  0.13312255E+01
     ITER =    2     OBJ =  0.13418454E+01
     ITER =    3     OBJ =  0.12438235E+01
     ITER =    4     OBJ =  0.13196148E+01
     ITER =    5     OBJ =  0.12917780E+01
     ITER =    6     OBJ =  0.12462891E+01
     ITER =    7     OBJ =  0.12633201E+01
     ITER =    8     OBJ =  0.12757611E+01
     ITER =    9     OBJ =  0.12781513E+01
     ITER =   10     OBJ =  0.12781513E+01
     ITER =   11     OBJ =  0.12691481E+01
     ITER =   12     OBJ =  0.12835841E+01
     ITER =   13     OBJ =  0.12928841E+01
     ITER =   14     OBJ =  0.12911569E+01
     ITER =   15     OBJ =  0.12901411E+01
        NUMBER OF FUNC-CALLS:  NFUNC =  67
        NUMBER OF GRAD-CALLS:  NGRAD =  16
