



   ---------------------------------------------------------------------------
     START OF THE SEQUENTIAL LEAST SQUARES PROGRAMMING ALGORIT  
   ---------------------------------------------------------------------------

     PARAMETERS:
        ACC =   0.1000D-01
        MAXITER =500
        IPRINT =   1
IOUT =   6


     ITER =    1     OBJ =  0.77613037E+00
     ITER =    2     OBJ =  0.89739202E+00
     ITER =    3     OBJ =  0.88236246E+00
     ITER =    4     OBJ =  0.12713070E+01
     ITER =    5     OBJ =  0.12537554E+01
     ITER =    6     OBJ =  0.12648851E+01
     ITER =    7     OBJ =  0.13843032E+01
     ITER =    8     OBJ =  0.13989085E+01
     ITER =    9     OBJ =  0.13974308E+01
     ITER =   10     OBJ =  0.15402044E+01
     ITER =   11     OBJ =  0.15513071E+01
     ITER =   12     OBJ =  0.15362150E+01
     ITER =   13     OBJ =  0.15424220E+01
     ITER =   14     OBJ =  0.15425035E+01
     ITER =   15     OBJ =  0.15288579E+01
     ITER =   16     OBJ =  0.15174902E+01
        NUMBER OF FUNC-CALLS:  NFUNC =  33
        NUMBER OF GRAD-CALLS:  NGRAD =  17
