



   ---------------------------------------------------------------------------
     START OF THE SEQUENTIAL LEAST SQUARES PROGRAMMING ALGORIT  
   ---------------------------------------------------------------------------

     PARAMETERS:
        ACC =   0.1000D-01
        MAXITER =500
        IPRINT =   1
IOUT =   6


     ITER =    1     OBJ =  0.22697121E+00
     ITER =    2     OBJ =  0.26634328E+00
     ITER =    3     OBJ =  0.24749238E+00
     ITER =    4     OBJ =  0.25351838E+00
     ITER =    5     OBJ =  0.26552773E+00
     ITER =    6     OBJ =  0.26712464E+00
     ITER =    7     OBJ =  0.34059921E+00
     ITER =    8     OBJ =  0.33884706E+00
     ITER =    9     OBJ =  0.33630850E+00
     ITER =   10     OBJ =  0.33989659E+00
