



   ---------------------------------------------------------------------------
     START OF THE SEQUENTIAL LEAST SQUARES PROGRAMMING ALGORIT  
   ---------------------------------------------------------------------------

     PARAMETERS:
        ACC =   0.1000D-01
        MAXITER =500
        IPRINT =   1
IOUT =   6


     ITER =    1     OBJ =  0.96313006E+00
     ITER =    2     OBJ =  0.97549397E+00
     ITER =    3     OBJ =  0.78593828E+00
     ITER =    4     OBJ =  0.92306400E+00
     ITER =    5     OBJ =  0.98298404E+00
     ITER =    6     OBJ =  0.10096030E+01
     ITER =    7     OBJ =  0.10140196E+01
     ITER =    8     OBJ =  0.10960268E+01
     ITER =    9     OBJ =  0.10961875E+01
     ITER =   10     OBJ =  0.10961886E+01
     ITER =   11     OBJ =  0.12403166E+01
     ITER =   12     OBJ =  0.12607987E+01
     ITER =   13     OBJ =  0.12750160E+01
     ITER =   14     OBJ =  0.12727588E+01
        NUMBER OF FUNC-CALLS:  NFUNC =  52
        NUMBER OF GRAD-CALLS:  NGRAD =  15
