



   ---------------------------------------------------------------------------
     START OF THE SEQUENTIAL LEAST SQUARES PROGRAMMING ALGORIT  
   ---------------------------------------------------------------------------

     PARAMETERS:
        ACC =   0.1000D-01
        MAXITER =500
        IPRINT =   1
IOUT =   6


     ITER =    1     OBJ =  0.64516828E+00
     ITER =    2     OBJ =  0.65065337E+00
     ITER =    3     OBJ =  0.63244184E+00
     ITER =    4     OBJ =  0.75110560E+00
     ITER =    5     OBJ =  0.78667063E+00
     ITER =    6     OBJ =  0.80331949E+00
     ITER =    7     OBJ =  0.80816791E+00
     ITER =    8     OBJ =  0.95589636E+00
     ITER =    9     OBJ =  0.93825496E+00
     ITER =   10     OBJ =  0.94193418E+00
     ITER =   11     OBJ =  0.95974482E+00
     ITER =   12     OBJ =  0.98297783E+00
        NUMBER OF FUNC-CALLS:  NFUNC =  39
        NUMBER OF GRAD-CALLS:  NGRAD =  13
