



   ---------------------------------------------------------------------------
     START OF THE SEQUENTIAL LEAST SQUARES PROGRAMMING ALGORIT  
   ---------------------------------------------------------------------------

     PARAMETERS:
        ACC =   0.1000D-02
        MAXITER =500
        IPRINT =   1
IOUT =   6


     ITER =    1     OBJ =  0.14604507E+01
     ITER =    2     OBJ =  0.14694959E+01
     ITER =    3     OBJ =  0.13667945E+01
     ITER =    4     OBJ =  0.15189890E+01
     ITER =    5     OBJ =  0.14533703E+01
     ITER =    6     OBJ =  0.14633172E+01
     ITER =    7     OBJ =  0.14426136E+01
     ITER =    8     OBJ =  0.14001986E+01
     ITER =    9     OBJ =  0.14230486E+01
     ITER =   10     OBJ =  0.14457318E+01
     ITER =   11     OBJ =  0.14435557E+01
     ITER =   12     OBJ =  0.14422021E+01
        NUMBER OF FUNC-CALLS:  NFUNC =  45
        NUMBER OF GRAD-CALLS:  NGRAD =  13
