



   ---------------------------------------------------------------------------
     START OF THE SEQUENTIAL LEAST SQUARES PROGRAMMING ALGORIT  
   ---------------------------------------------------------------------------

     PARAMETERS:
        ACC =   0.1000D-02
        MAXITER =500
        IPRINT =   1
IOUT =   6


     ITER =    1     OBJ =  0.65674830E+00
     ITER =    2     OBJ =  0.67638819E+00
     ITER =    3     OBJ =  0.67871278E+00
     ITER =    4     OBJ =  0.76947508E+00
     ITER =    5     OBJ =  0.89810054E+00
     ITER =    6     OBJ =  0.93136671E+00
     ITER =    7     OBJ =  0.92214387E+00
     ITER =    8     OBJ =  0.91718598E+00
     ITER =    9     OBJ =  0.91347104E+00
     ITER =   10     OBJ =  0.91337594E+00
     ITER =   11     OBJ =  0.91431188E+00
     ITER =   12     OBJ =  0.91491733E+00
     ITER =   13     OBJ =  0.91342249E+00
     ITER =   14     OBJ =  0.91460635E+00
     ITER =   15     OBJ =  0.91553634E+00
     ITER =   16     OBJ =  0.91532133E+00
        NUMBER OF FUNC-CALLS:  NFUNC =  55
        NUMBER OF GRAD-CALLS:  NGRAD =  17
