



   ---------------------------------------------------------------------------
     START OF THE SEQUENTIAL LEAST SQUARES PROGRAMMING ALGORIT  
   ---------------------------------------------------------------------------

     PARAMETERS:
        ACC =   0.1000D-01
        MAXITER =500
        IPRINT =   1
IOUT =   6


     ITER =    1     OBJ =  0.63488379E+00
     ITER =    2     OBJ =  0.90362883E+00
     ITER =    3     OBJ =  0.87411883E+00
     ITER =    4     OBJ =  0.94151715E+00
     ITER =    5     OBJ =  0.98565990E+00
     ITER =    6     OBJ =  0.13133238E+01
     ITER =    7     OBJ =  0.12975416E+01
     ITER =    8     OBJ =  0.12187705E+01
     ITER =    9     OBJ =  0.12069094E+01
     ITER =   10     OBJ =  0.12271834E+01
     ITER =   11     OBJ =  0.12509149E+01
     ITER =   12     OBJ =  0.12555723E+01
     ITER =   13     OBJ =  0.12601302E+01
     ITER =   14     OBJ =  0.12972894E+01
     ITER =   15     OBJ =  0.12928933E+01
        NUMBER OF FUNC-CALLS:  NFUNC =  36
        NUMBER OF GRAD-CALLS:  NGRAD =  16
