



   ---------------------------------------------------------------------------
     START OF THE SEQUENTIAL LEAST SQUARES PROGRAMMING ALGORIT  
   ---------------------------------------------------------------------------

     PARAMETERS:
        ACC =   0.1000D-01
        MAXITER =500
        IPRINT =   1
IOUT =   6


     ITER =    1     OBJ =  0.26394344E+00
     ITER =    2     OBJ =  0.27209757E+00
     ITER =    3     OBJ =  0.25564883E+00
     ITER =    4     OBJ =  0.25093122E+00
     ITER =    5     OBJ =  0.24224041E+00
     ITER =    6     OBJ =  0.24225518E+00
     ITER =    7     OBJ =  0.24566156E+00
     ITER =    8     OBJ =  0.24583627E+00
     ITER =    9     OBJ =  0.24574807E+00
     ITER =   10     OBJ =  0.24579682E+00
     ITER =   11     OBJ =  0.24584140E+00
     ITER =   12     OBJ =  0.24591256E+00
     ITER =   13     OBJ =  0.24597314E+00
     ITER =   14     OBJ =  0.24598488E+00
     ITER =   15     OBJ =  0.24599352E+00
        NUMBER OF FUNC-CALLS:  NFUNC =  41
        NUMBER OF GRAD-CALLS:  NGRAD =  16
