



   ---------------------------------------------------------------------------
     START OF THE SEQUENTIAL LEAST SQUARES PROGRAMMING ALGORIT  
   ---------------------------------------------------------------------------

     PARAMETERS:
        ACC =   0.1000D-02
        MAXITER =500
        IPRINT =   1
IOUT =   6


     ITER =    1     OBJ =  0.78557150E+00
     ITER =    2     OBJ =  0.77639046E+00
     ITER =    3     OBJ =  0.54466929E+00
     ITER =    4     OBJ =  0.56664911E+00
     ITER =    5     OBJ =  0.64723279E+00
     ITER =    6     OBJ =  0.73513816E+00
     ITER =    7     OBJ =  0.88897152E+00
     ITER =    8     OBJ =  0.93155338E+00
     ITER =    9     OBJ =  0.93813690E+00
     ITER =   10     OBJ =  0.92307734E+00
     ITER =   11     OBJ =  0.92353455E+00
     ITER =   12     OBJ =  0.91316990E+00
     ITER =   13     OBJ =  0.91047656E+00
     ITER =   14     OBJ =  0.91424047E+00
        NUMBER OF FUNC-CALLS:  NFUNC =  26
        NUMBER OF GRAD-CALLS:  NGRAD =  15
