



   ---------------------------------------------------------------------------
     START OF THE SEQUENTIAL LEAST SQUARES PROGRAMMING ALGORIT  
   ---------------------------------------------------------------------------

     PARAMETERS:
        ACC =   0.1000D-02
        MAXITER =500
        IPRINT =   1
IOUT =   6


     ITER =    1     OBJ =  0.70788184E+00
     ITER =    2     OBJ =  0.79995413E+00
     ITER =    3     OBJ =  0.98402195E+00
     ITER =    4     OBJ =  0.98193288E+00
     ITER =    5     OBJ =  0.10516437E+01
     ITER =    6     OBJ =  0.10669425E+01
     ITER =    7     OBJ =  0.10724948E+01
     ITER =    8     OBJ =  0.10739967E+01
     ITER =    9     OBJ =  0.10739967E+01
     ITER =   10     OBJ =  0.10739967E+01
     ITER =   11     OBJ =  0.10875268E+01
     ITER =   12     OBJ =  0.11237666E+01
     ITER =   13     OBJ =  0.11238506E+01
     ITER =   14     OBJ =  0.11227144E+01
     ITER =   15     OBJ =  0.11221969E+01
     ITER =   16     OBJ =  0.11201923E+01
        NUMBER OF FUNC-CALLS:  NFUNC =  55
        NUMBER OF GRAD-CALLS:  NGRAD =  17
