



   ---------------------------------------------------------------------------
     START OF THE SEQUENTIAL LEAST SQUARES PROGRAMMING ALGORIT  
   ---------------------------------------------------------------------------

     PARAMETERS:
        ACC =   0.1000D-05
        MAXITER =500
        IPRINT =   1
IOUT =   6


     ITER =    1     OBJ =  0.22668680E+01
     ITER =    2     OBJ =  0.18687838E+01
     ITER =    3     OBJ =  0.18333877E+01
     ITER =    4     OBJ =  0.17183812E+01
     ITER =    5     OBJ =  0.17267643E+01
     ITER =    6     OBJ =  0.17924608E+01
     ITER =    7     OBJ =  0.17355871E+01
     ITER =    8     OBJ =  0.17503392E+01
     ITER =    9     OBJ =  0.19670895E+01
     ITER =   10     OBJ =  0.19970134E+01
     ITER =   11     OBJ =  0.19981675E+01
     ITER =   12     OBJ =  0.19889623E+01
     ITER =   13     OBJ =  0.19871684E+01
     ITER =   14     OBJ =  0.19845307E+01
     ITER =   15     OBJ =  0.19776746E+01
     ITER =   16     OBJ =  0.19746879E+01
        NUMBER OF FUNC-CALLS:  NFUNC =  64
        NUMBER OF GRAD-CALLS:  NGRAD =  17
