



   ---------------------------------------------------------------------------
     START OF THE SEQUENTIAL LEAST SQUARES PROGRAMMING ALGORIT  
   ---------------------------------------------------------------------------

     PARAMETERS:
        ACC =   0.1000D-01
        MAXITER =500
        IPRINT =   1
IOUT =   6


     ITER =    1     OBJ =  0.64431913E+00
     ITER =    2     OBJ =  0.64381683E+00
     ITER =    3     OBJ =  0.62660581E+00
     ITER =    4     OBJ =  0.76202295E+00
     ITER =    5     OBJ =  0.81837879E+00
     ITER =    6     OBJ =  0.81889616E+00
     ITER =    7     OBJ =  0.82514884E+00
     ITER =    8     OBJ =  0.83722257E+00
     ITER =    9     OBJ =  0.96240649E+00
     ITER =   10     OBJ =  0.96101289E+00
     ITER =   11     OBJ =  0.97861511E+00
     ITER =   12     OBJ =  0.97838779E+00
     ITER =   13     OBJ =  0.97838779E+00
     ITER =   14     OBJ =  0.97838779E+00
     ITER =   15     OBJ =  0.98448800E+00
     ITER =   16     OBJ =  0.98206143E+00
        NUMBER OF FUNC-CALLS:  NFUNC =  65
        NUMBER OF GRAD-CALLS:  NGRAD =  17
