



   ---------------------------------------------------------------------------
     START OF THE SEQUENTIAL LEAST SQUARES PROGRAMMING ALGORIT  
   ---------------------------------------------------------------------------

     PARAMETERS:
        ACC =   0.1000D-02
        MAXITER =500
        IPRINT =   1
IOUT =   6


     ITER =    1     OBJ =  0.41119625E+00
     ITER =    2     OBJ =  0.35323703E+00
     ITER =    3     OBJ =  0.35345205E+00
     ITER =    4     OBJ =  0.41226369E+00
     ITER =    5     OBJ =  0.45394088E+00
     ITER =    6     OBJ =  0.45515045E+00
     ITER =    7     OBJ =  0.52586080E+00
     ITER =    8     OBJ =  0.52390473E+00
     ITER =    9     OBJ =  0.52303893E+00
     ITER =   10     OBJ =  0.51761943E+00
     ITER =   11     OBJ =  0.51092598E+00
     ITER =   12     OBJ =  0.50560280E+00
     ITER =   13     OBJ =  0.50555617E+00
        NUMBER OF FUNC-CALLS:  NFUNC =  30
        NUMBER OF GRAD-CALLS:  NGRAD =  14
