



   ---------------------------------------------------------------------------
     START OF THE SEQUENTIAL LEAST SQUARES PROGRAMMING ALGORIT  
   ---------------------------------------------------------------------------

     PARAMETERS:
        ACC =   0.1000D-01
        MAXITER =500
        IPRINT =   1
IOUT =   6


     ITER =    1     OBJ =  0.42516853E+00
     ITER =    2     OBJ =  0.35431781E+00
     ITER =    3     OBJ =  0.29418155E+00
     ITER =    4     OBJ =  0.34803925E+00
     ITER =    5     OBJ =  0.34937447E+00
     ITER =    6     OBJ =  0.39895360E+00
     ITER =    7     OBJ =  0.46400330E+00
     ITER =    8     OBJ =  0.44742531E+00
     ITER =    9     OBJ =  0.47040308E+00
     ITER =   10     OBJ =  0.46164475E+00
     ITER =   11     OBJ =  0.46337765E+00
        NUMBER OF FUNC-CALLS:  NFUNC =  18
        NUMBER OF GRAD-CALLS:  NGRAD =  12
