



   ---------------------------------------------------------------------------
     START OF THE SEQUENTIAL LEAST SQUARES PROGRAMMING ALGORIT  
   ---------------------------------------------------------------------------

     PARAMETERS:
        ACC =   0.1000D-02
        MAXITER =500
        IPRINT =   1
IOUT =   6


     ITER =    1     OBJ =  0.52429863E+00
     ITER =    2     OBJ =  0.52748988E+00
     ITER =    3     OBJ =  0.52360489E+00
     ITER =    4     OBJ =  0.55342795E+00
     ITER =    5     OBJ =  0.53817384E+00
     ITER =    6     OBJ =  0.53845272E+00
     ITER =    7     OBJ =  0.54435834E+00
     ITER =    8     OBJ =  0.54077705E+00
     ITER =    9     OBJ =  0.53835000E+00
     ITER =   10     OBJ =  0.53503843E+00
        NUMBER OF FUNC-CALLS:  NFUNC =  23
        NUMBER OF GRAD-CALLS:  NGRAD =  11
