



   ---------------------------------------------------------------------------
     START OF THE SEQUENTIAL LEAST SQUARES PROGRAMMING ALGORIT  
   ---------------------------------------------------------------------------

     PARAMETERS:
        ACC =   0.1000D-01
        MAXITER =500
        IPRINT =   1
IOUT =   6


     ITER =    1     OBJ =  0.83458547E+00
     ITER =    2     OBJ =  0.86414038E+00
     ITER =    3     OBJ =  0.84780983E+00
     ITER =    4     OBJ =  0.89987055E+00
     ITER =    5     OBJ =  0.90451264E+00
     ITER =    6     OBJ =  0.97753680E+00
     ITER =    7     OBJ =  0.10400235E+01
     ITER =    8     OBJ =  0.10415663E+01
     ITER =    9     OBJ =  0.12012776E+01
     ITER =   10     OBJ =  0.12300412E+01
     ITER =   11     OBJ =  0.12381354E+01
     ITER =   12     OBJ =  0.12302099E+01
     ITER =   13     OBJ =  0.12240733E+01
     ITER =   14     OBJ =  0.12239386E+01
        NUMBER OF FUNC-CALLS:  NFUNC =  33
        NUMBER OF GRAD-CALLS:  NGRAD =  15
