



   ---------------------------------------------------------------------------
     START OF THE SEQUENTIAL LEAST SQUARES PROGRAMMING ALGORIT  
   ---------------------------------------------------------------------------

     PARAMETERS:
        ACC =   0.1000D-01
        MAXITER =500
        IPRINT =   1
IOUT =   6


     ITER =    1     OBJ =  0.98058766E-01
     ITER =    2     OBJ =  0.10142607E+00
     ITER =    3     OBJ =  0.11951941E+00
     ITER =    4     OBJ =  0.12460664E+00
     ITER =    5     OBJ =  0.12345801E+00
     ITER =    6     OBJ =  0.11788347E+00
     ITER =    7     OBJ =  0.11802704E+00
     ITER =    8     OBJ =  0.11778145E+00
     ITER =    9     OBJ =  0.11690893E+00
     ITER =   10     OBJ =  0.11490713E+00
     ITER =   11     OBJ =  0.11330150E+00
        NUMBER OF FUNC-CALLS:  NFUNC =  14
        NUMBER OF GRAD-CALLS:  NGRAD =  12
