



   ---------------------------------------------------------------------------
     START OF THE SEQUENTIAL LEAST SQUARES PROGRAMMING ALGORIT  
   ---------------------------------------------------------------------------

     PARAMETERS:
        ACC =   0.1000D-01
        MAXITER =500
        IPRINT =   1
IOUT =   6


     ITER =    1     OBJ =  0.56666253E+00
     ITER =    2     OBJ =  0.66510486E+00
     ITER =    3     OBJ =  0.68101972E+00
     ITER =    4     OBJ =  0.69013634E+00
     ITER =    5     OBJ =  0.69711784E+00
     ITER =    6     OBJ =  0.72295554E+00
     ITER =    7     OBJ =  0.72397167E+00
     ITER =    8     OBJ =  0.72498342E+00
     ITER =    9     OBJ =  0.86005713E+00
     ITER =   10     OBJ =  0.86122206E+00
     ITER =   11     OBJ =  0.86355347E+00
     ITER =   12     OBJ =  0.86111708E+00
        NUMBER OF FUNC-CALLS:  NFUNC =  31
        NUMBER OF GRAD-CALLS:  NGRAD =  13
