



   ---------------------------------------------------------------------------
     START OF THE SEQUENTIAL LEAST SQUARES PROGRAMMING ALGORIT  
   ---------------------------------------------------------------------------

     PARAMETERS:
        ACC =   0.1000D-02
        MAXITER =500
        IPRINT =   1
IOUT =   6


     ITER =    1     OBJ =  0.67897772E+00
     ITER =    2     OBJ =  0.78118991E+00
     ITER =    3     OBJ =  0.86109848E+00
     ITER =    4     OBJ =  0.86713393E+00
     ITER =    5     OBJ =  0.99959765E+00
     ITER =    6     OBJ =  0.97081201E+00
     ITER =    7     OBJ =  0.10067613E+01
     ITER =    8     OBJ =  0.99712407E+00
     ITER =    9     OBJ =  0.10027191E+01
     ITER =   10     OBJ =  0.10026043E+01
     ITER =   11     OBJ =  0.10022789E+01
        NUMBER OF FUNC-CALLS:  NFUNC =  22
        NUMBER OF GRAD-CALLS:  NGRAD =  12
