



   ---------------------------------------------------------------------------
     START OF THE SEQUENTIAL LEAST SQUARES PROGRAMMING ALGORIT  
   ---------------------------------------------------------------------------

     PARAMETERS:
        ACC =   0.1000D-01
        MAXITER =500
        IPRINT =   1
IOUT =   6


     ITER =    1     OBJ =  0.23270775E+01
     ITER =    2     OBJ =  0.22858395E+01
     ITER =    3     OBJ =  0.23671789E+01
     ITER =    4     OBJ =  0.22989706E+01
     ITER =    5     OBJ =  0.23072254E+01
     ITER =    6     OBJ =  0.22988372E+01
     ITER =    7     OBJ =  0.22698040E+01
     ITER =    8     OBJ =  0.22363987E+01
     ITER =    9     OBJ =  0.22612977E+01
     ITER =   10     OBJ =  0.22612977E+01
     ITER =   11     OBJ =  0.22612977E+01
     ITER =   12     OBJ =  0.22612977E+01
        NUMBER OF FUNC-CALLS:  NFUNC =  73
        NUMBER OF GRAD-CALLS:  NGRAD =  13
