



   ---------------------------------------------------------------------------
     START OF THE SEQUENTIAL LEAST SQUARES PROGRAMMING ALGORIT  
   ---------------------------------------------------------------------------

     PARAMETERS:
        ACC =   0.1000D-01
        MAXITER =500
        IPRINT =   1
IOUT =   6


     ITER =    1     OBJ =  0.61018064E+00
     ITER =    2     OBJ =  0.66466028E+00
     ITER =    3     OBJ =  0.71364860E+00
     ITER =    4     OBJ =  0.70361997E+00
     ITER =    5     OBJ =  0.70390805E+00
     ITER =    6     OBJ =  0.76366790E+00
     ITER =    7     OBJ =  0.78602283E+00
     ITER =    8     OBJ =  0.82257825E+00
     ITER =    9     OBJ =  0.79705321E+00
     ITER =   10     OBJ =  0.78306082E+00
     ITER =   11     OBJ =  0.78632339E+00
     ITER =   12     OBJ =  0.78689578E+00
        NUMBER OF FUNC-CALLS:  NFUNC =  20
        NUMBER OF GRAD-CALLS:  NGRAD =  13
