



   ---------------------------------------------------------------------------
     START OF THE SEQUENTIAL LEAST SQUARES PROGRAMMING ALGORIT  
   ---------------------------------------------------------------------------

     PARAMETERS:
        ACC =   0.1000D-02
        MAXITER =500
        IPRINT =   1
IOUT =   6


     ITER =    1     OBJ =  0.32401728E+00
     ITER =    2     OBJ =  0.25723193E+00
     ITER =    3     OBJ =  0.27538687E+00
     ITER =    4     OBJ =  0.27929724E+00
     ITER =    5     OBJ =  0.26344484E+00
     ITER =    6     OBJ =  0.26785356E+00
     ITER =    7     OBJ =  0.26717377E+00
     ITER =    8     OBJ =  0.26715175E+00
     ITER =    9     OBJ =  0.26729111E+00
     ITER =   10     OBJ =  0.26729111E+00
     ITER =   11     OBJ =  0.26729111E+00
     ITER =   12     OBJ =  0.26730102E+00
     ITER =   13     OBJ =  0.26686958E+00
     ITER =   14     OBJ =  0.26693238E+00
     ITER =   15     OBJ =  0.26859763E+00
     ITER =   16     OBJ =  0.26857230E+00
        NUMBER OF FUNC-CALLS:  NFUNC =  61
        NUMBER OF GRAD-CALLS:  NGRAD =  17
