



   ---------------------------------------------------------------------------
     START OF THE SEQUENTIAL LEAST SQUARES PROGRAMMING ALGORIT  
   ---------------------------------------------------------------------------

     PARAMETERS:
        ACC =   0.1000D-01
        MAXITER =500
        IPRINT =   1
IOUT =   6


     ITER =    1     OBJ =  0.17786235E+00
     ITER =    2     OBJ =  0.15769733E+00
     ITER =    3     OBJ =  0.16772871E+00
     ITER =    4     OBJ =  0.16655616E+00
     ITER =    5     OBJ =  0.19259586E+00
     ITER =    6     OBJ =  0.18801263E+00
     ITER =    7     OBJ =  0.18826515E+00
     ITER =    8     OBJ =  0.19195209E+00
     ITER =    9     OBJ =  0.19448028E+00
     ITER =   10     OBJ =  0.18921540E+00
        NUMBER OF FUNC-CALLS:  NFUNC =  24
        NUMBER OF GRAD-CALLS:  NGRAD =  11
