



   ---------------------------------------------------------------------------
     START OF THE SEQUENTIAL LEAST SQUARES PROGRAMMING ALGORIT  
   ---------------------------------------------------------------------------

     PARAMETERS:
        ACC =   0.1000D-02
        MAXITER =500
        IPRINT =   1
IOUT =   6


     ITER =    1     OBJ =  0.17018471E+01
     ITER =    2     OBJ =  0.17237899E+01
     ITER =    3     OBJ =  0.16535948E+01
     ITER =    4     OBJ =  0.16852563E+01
     ITER =    5     OBJ =  0.16888386E+01
     ITER =    6     OBJ =  0.16716462E+01
     ITER =    7     OBJ =  0.16852620E+01
     ITER =    8     OBJ =  0.16852620E+01
     ITER =    9     OBJ =  0.16726691E+01
     ITER =   10     OBJ =  0.16891906E+01
     ITER =   11     OBJ =  0.17004106E+01
     ITER =   12     OBJ =  0.17051086E+01
     ITER =   13     OBJ =  0.16766130E+01
     ITER =   14     OBJ =  0.16981135E+01
        NUMBER OF FUNC-CALLS:  NFUNC =  79
        NUMBER OF GRAD-CALLS:  NGRAD =  15
