



   ---------------------------------------------------------------------------
     START OF THE SEQUENTIAL LEAST SQUARES PROGRAMMING ALGORIT  
   ---------------------------------------------------------------------------

     PARAMETERS:
        ACC =   0.1000D-01
        MAXITER =500
        IPRINT =   1
IOUT =   6


     ITER =    1     OBJ =  0.49242343E+00
     ITER =    2     OBJ =  0.40490660E+00
     ITER =    3     OBJ =  0.36822764E+00
     ITER =    4     OBJ =  0.39738821E+00
     ITER =    5     OBJ =  0.38182149E+00
     ITER =    6     OBJ =  0.42371805E+00
     ITER =    7     OBJ =  0.42468759E+00
     ITER =    8     OBJ =  0.45619095E+00
     ITER =    9     OBJ =  0.44965184E+00
     ITER =   10     OBJ =  0.45130509E+00
     ITER =   11     OBJ =  0.44623883E+00
     ITER =   12     OBJ =  0.44653109E+00
     ITER =   13     OBJ =  0.44160782E+00
     ITER =   14     OBJ =  0.44170402E+00
     ITER =   15     OBJ =  0.44170402E+00
        NUMBER OF FUNC-CALLS:  NFUNC =  48
        NUMBER OF GRAD-CALLS:  NGRAD =  16
